;Freq(Hz)	Relative Amplitude (dB): Left
19485.3516	-128.909439
19488.2812	-127.093010
19491.2109	-132.260788
19494.1406	-131.687668
19497.0703	-130.715591
19500.0000	-136.048080
19502.9297	-130.402542
19505.8594	-137.463638
19508.7891	-133.389938
19511.7188	-135.105118
19514.6484	-133.990829
19517.5781	-141.874741
19520.5078	-135.050430
19523.4375	-135.145660
19526.3672	-129.585541
19529.2969	-138.151947
19532.2266	-134.219177
19535.1562	-133.391129
19538.0859	-128.677811
19541.0156	-131.267853
19543.9453	-136.809494
19546.8750	-125.953506
19549.8047	-122.422020
19552.7344	-123.377838
19555.6641	-125.627274
19558.5938	-130.128738
19561.5234	-134.255249
19564.4531	-133.192551
19567.3828	-140.336594
19570.3125	-129.627930
19573.2422	-128.794083
19576.1719	-131.927231
19579.1016	-129.027908
19582.0312	-134.722260
19584.9609	-131.397659
19587.8906	-135.404922
19590.8203	-130.078659
19593.7500	-130.695648
19596.6797	-128.167099
19599.6094	-126.232841
19602.5391	-126.646530
19605.4688	-141.520172
19608.3984	-134.012192
19611.3281	-137.346451
19614.2578	-133.182800
19617.1875	-131.699280
19620.1172	-130.456238
19623.0469	-138.589417
19625.9766	-135.113419
19628.9062	-132.822708
19631.8359	-135.398117
19634.7656	-129.397903
19637.6953	-125.500275
19640.6250	-129.263870
19643.5547	-132.363815
19646.4844	-129.251129
19649.4141	-132.214737
19652.3438	-124.173042
19655.2734	-127.245880
19658.2031	-146.913727
19661.1328	-133.731033
19664.0625	-133.683563
19666.9922	-137.533524
19669.9219	-130.903625
19672.8516	-130.170822
19675.7812	-132.765015
19678.7109	-131.344727
19681.6406	-135.581268
19684.5703	-137.303284
19687.5000	-137.343735
19690.4297	-130.041397
19693.3594	-130.365616
19696.2891	-135.616180
19699.2188	-142.269287
19702.1484	-132.767487
19705.0781	-143.382080
19708.0078	-128.356384
19710.9375	-131.877518
19713.8672	-133.388458
19716.7969	-131.783508
19719.7266	-129.287979
19722.6562	-127.077217
19725.5859	-130.852493
19728.5156	-138.878036
19731.4453	-141.984070
19734.3750	-133.844894
19737.3047	-129.375977
19740.2344	-130.179855
19743.1641	-132.010986
19746.0938	-135.581161
19749.0234	-133.181839
19751.9531	-126.306778
19754.8828	-124.776802
19757.8125	-129.387894
19760.7422	-128.938248
19763.6719	-130.828369
19766.6016	-136.642807
19769.5312	-149.682068
19772.4609	-133.071030
19775.3906	-132.622452
19778.3203	-137.619019
19781.2500	-134.041351
19784.1797	-136.026764
19787.1094	-130.956406
19790.0391	-127.442024
19792.9688	-127.298088
19795.8984	-127.059624
19798.8281	-130.482574
19801.7578	-125.980026
19804.6875	-132.338470
19807.6172	-125.523811
19810.5469	-126.108131
19813.4766	-124.813309
19816.4062	-125.435127
19819.3359	-138.295807
19822.2656	-133.305984
19825.1953	-132.123169
19828.1250	-134.403976
19831.0547	-135.705750
19833.9844	-128.036392
19836.9141	-125.368782
19839.8438	-129.579346
19842.7734	-147.486221
19845.7031	-150.657349
19848.6328	-131.318314
19851.5625	-125.249535
19854.4922	-135.403961
19857.4219	-133.726166
19860.3516	-144.596390
19863.2812	-130.927979
19866.2109	-130.782654
19869.1406	-135.503799
19872.0703	-139.851624
19875.0000	-140.405472
19877.9297	-141.079483
19880.8594	-128.420975
19883.7891	-129.485504
19886.7188	-132.247284
19889.6484	-138.463669
19892.5781	-133.584351
19895.5078	-129.704620
19898.4375	-131.425034
19901.3672	-128.519974
19904.2969	-123.951103
19907.2266	-124.517899
19910.1562	-126.725906
19913.0859	-134.208878
19916.0156	-134.029160
19918.9453	-129.939377
19921.8750	-129.870590
19924.8047	-129.655731
19927.7344	-135.754623
19930.6641	-140.385635
19933.5938	-135.734695
19936.5234	-140.202164
19939.4531	-131.867020
19942.3828	-133.112320
19945.3125	-138.538940
19948.2422	-130.947632
19951.1719	-123.519585
19954.1016	-124.697884
19957.0312	-138.696335
19959.9609	-135.310318
19962.8906	-126.535942
19965.8203	-125.886276
19968.7500	-126.837791
19971.6797	-130.101379
19974.6094	-137.871658
19977.5391	-127.851929
19980.4688	-127.700035
19983.3984	-131.594025
19986.3281	-131.698853
19989.2578	-129.385788
19992.1875	-141.956161
19995.1172	-132.972610
19998.0469	-140.101593
20000.9766	-131.885605
20003.9062	-130.013672
20006.8359	-134.693497
20009.7656	-134.845779
20012.6953	-127.586098
20015.6250	-131.278687
20018.5547	-149.208740
20021.4844	-143.978531
20024.4141	-132.978745
20027.3438	-132.312836
20030.2734	-135.057159
20033.2031	-125.000763
20036.1328	-125.648384
20039.0625	-134.386124
20041.9922	-138.893814
20044.9219	-139.874237
20047.8516	-134.040131
20050.7812	-142.221863
20053.7109	-131.840195
20056.6406	-144.564026
20059.5703	-144.749832
20062.5000	-135.413879
20065.4297	-131.499512
20068.3594	-134.778336
20071.2891	-146.013626
20074.2188	-133.890778
20077.1484	-128.485168
20080.0781	-127.321465
20083.0078	-129.719757
20085.9375	-137.364380
20088.8672	-137.078491
20091.7969	-144.984589
20094.7266	-132.607132
20097.6562	-133.279327
20100.5859	-129.740341
20103.5156	-127.296516
20106.4453	-130.188248
20109.3750	-128.780502
20112.3047	-129.222427
20115.2344	-132.275177
20118.1641	-133.859818
20121.0938	-134.071411
20124.0234	-130.418106
20126.9531	-134.441299
20129.8828	-141.846695
20132.8125	-135.093155
20135.7422	-130.156006
20138.6719	-127.516991
20141.6016	-127.564880
20144.5312	-132.326172
20147.4609	-141.622452
20150.3906	-133.252441
20153.3203	-131.875580
20156.2500	-137.146515
20159.1797	-133.742035
20162.1094	-132.848480
20165.0391	-129.175964
20167.9688	-138.920181
20170.8984	-133.581680
20173.8281	-132.791687
20176.7578	-131.945343
20179.6875	-128.650482
20182.6172	-139.469604
20185.5469	-133.250244
20188.4766	-129.319214
20191.4062	-139.955048
20194.3359	-135.675278
20197.2656	-133.315811
20200.1953	-142.109787
20203.1250	-133.373306
20206.0547	-140.754807
20208.9844	-130.338776
20211.9141	-127.963722
20214.8438	-131.492508
20217.7734	-151.613037
20220.7031	-127.082321
20223.6328	-131.912598
20226.5625	-129.610153
20229.4922	-126.903938
20232.4219	-139.630753
20235.3516	-135.080780
20238.2812	-136.757324
20241.2109	-130.820908
20244.1406	-129.069977
20247.0703	-127.814301
20250.0000	-131.417999
20252.9297	-127.623238
20255.8594	-145.846939
20258.7891	-127.101036
20261.7188	-125.496933
20264.6484	-130.465408
20267.5781	-132.311111
20270.5078	-131.629211
20273.4375	-163.987946
20276.3672	-132.957825
20279.2969	-127.766708
20282.2266	-126.451950
20285.1562	-127.495941
20288.0859	-126.544891
20291.0156	-126.160522
20293.9453	-130.107239
20296.8750	-137.915924
20299.8047	-141.243790
20302.7344	-132.058578
20305.6641	-134.906021
20308.5938	-141.854446
20311.5234	-147.378220
20314.4531	-130.767868
20317.3828	-126.048584
20320.3125	-132.888367
20323.2422	-138.238708
20326.1719	-129.445084
20329.1016	-131.150452
20332.0312	-143.421722
20334.9609	-128.941574
20337.8906	-128.332626
20340.8203	-133.983734
20343.7500	-137.994492
20346.6797	-137.644028
20349.6094	-143.357269
20352.5391	-133.146027
20355.4688	-142.240143
20358.3984	-132.604919
20361.3281	-131.992157
20364.2578	-134.096802
20367.1875	-138.916962
20370.1172	-136.052017
20373.0469	-133.608231
20375.9766	-131.525665
20378.9062	-128.715424
20381.8359	-133.796265
20384.7656	-135.493027
20387.6953	-128.976334
20390.6250	-130.311554
20393.5547	-130.216675
20396.4844	-130.535858
20399.4141	-128.008514
20402.3438	-139.775955
20405.2734	-131.515045
20408.2031	-133.364777
20411.1328	-136.464127
20414.0625	-139.289627
20416.9922	-138.006561
20419.9219	-138.182114
20422.8516	-133.574554
20425.7812	-136.908539
20428.7109	-137.043640
20431.6406	-138.465012
20434.5703	-142.560516
20437.5000	-136.236374
20440.4297	-136.787186
20443.3594	-136.071579
20446.2891	-137.397278
20449.2188	-139.703873
20452.1484	-129.413147
20455.0781	-126.751678
20458.0078	-134.155258
20460.9375	-141.324051
20463.8672	-139.228302
20466.7969	-132.090927
20469.7266	-134.743683
20472.6562	-135.027618
20475.5859	-135.174362
20478.5156	-135.203522
20481.4453	-137.878708
20484.3750	-130.982773
20487.3047	-123.745094
20490.2344	-126.511253
20493.1641	-131.605072
20496.0938	-131.235764
20499.0234	-155.548019
20501.9531	-132.108734
20504.8828	-134.448868
20507.8125	-126.445732
20510.7422	-131.933945
20513.6719	-140.509567
20516.6016	-133.421844
20519.5312	-130.769073
20522.4609	-135.004791
20525.3906	-138.868744
20528.3203	-130.756973
20531.2500	-133.669327
20534.1797	-134.668411
20537.1094	-136.277771
20540.0391	-136.605331
20542.9688	-125.045349
20545.8984	-126.162270
20548.8281	-126.209877
20551.7578	-122.950218
20554.6875	-123.409554
20557.6172	-122.650185
20560.5469	-123.161621
20563.4766	-124.639481
20566.4062	-119.924545
20569.3359	-127.412407
20572.2656	-122.697105
20575.1953	-127.708710
20578.1250	-129.396408
20581.0547	-127.525368
20583.9844	-125.681137
20586.9141	-122.326202
20589.8438	-121.321251
20592.7734	-124.880142
20595.7031	-120.467461
20598.6328	-116.412369
20601.5625	-112.848442
20604.4922	-117.988663
20607.4219	-129.092163
20610.3516	-117.562965
20613.2812	-116.706642
20616.2109	-120.614075
20619.1406	-121.097092
20622.0703	-129.970734
20625.0000	-114.177010
20627.9297	-113.895935
20630.8594	-110.671379
20633.7891	-105.528076
20636.7188	-105.343788
20639.6484	-118.016441
20642.5781	-107.369591
20645.5078	-107.729149
20648.4375	-106.390007
20651.3672	-100.580246
20654.2969	-104.895111
20657.2266	-116.272995
20660.1562	-111.608582
20663.0859	-110.662704
20666.0156	-114.591522
20668.9453	-112.508163
20671.8750	-115.960884
20674.8047	-137.320786
20677.7344	-125.571167
20680.6641	-126.608192
20683.5938	-116.874100
20686.5234	-123.753799
20689.4531	-121.594101
20692.3828	-125.007889
20695.3125	-119.100449
20698.2422	-121.020119
20701.1719	-114.637131
20704.1016	-120.201241
20707.0312	-118.383728
20709.9609	-125.502350
20712.8906	-129.394669
20715.8203	-126.354805
20718.7500	-127.739273
20721.6797	-124.735107
20724.6094	-120.198593
20727.5391	-121.452904
20730.4688	-124.245178
20733.3984	-126.943260
20736.3281	-127.600479
20739.2578	-129.524658
20742.1875	-136.906113
20745.1172	-124.896759
20748.0469	-117.437607
20750.9766	-114.112183
20753.9062	-116.065079
20756.8359	-127.605522
20759.7656	-131.897583
20762.6953	-128.305817
20765.6250	-133.085785
20768.5547	-127.550690
20771.4844	-126.028328
20774.4141	-123.442329
20777.3438	-123.162506
20780.2734	-124.344231
20783.2031	-127.820198
20786.1328	-137.013229
20789.0625	-130.108551
20791.9922	-128.040939
20794.9219	-131.349091
20797.8516	-120.363617
20800.7812	-120.620178
20803.7109	-126.225182
20806.6406	-131.874130
20809.5703	-127.486122
20812.5000	-126.514214
20815.4297	-131.172455
20818.3594	-131.701385
20821.2891	-124.945068
20824.2188	-125.743294
20827.1484	-130.406601
20830.0781	-123.733826
20833.0078	-124.995201
20835.9375	-137.520050
20838.8672	-145.078674
20841.7969	-137.951569
20844.7266	-136.996689
20847.6562	-137.446381
20850.5859	-121.181725
20853.5156	-120.115471
20856.4453	-124.996651
20859.3750	-128.082962
20862.3047	-129.764877
20865.2344	-128.520218
20868.1641	-129.689789
20871.0938	-131.449127
20874.0234	-127.987152
20876.9531	-125.955383
20879.8828	-122.808533
20882.8125	-129.135422
20885.7422	-132.802124
20888.6719	-128.410904
20891.6016	-142.062119
20894.5312	-138.995605
20897.4609	-129.714218
20900.3906	-127.985146
20903.3203	-124.652168
20906.2500	-123.497620
20909.1797	-124.472984
20912.1094	-126.338226
20915.0391	-131.784225
20917.9688	-127.492203
20920.8984	-126.841637
20923.8281	-141.314484
20926.7578	-133.661484
20929.6875	-131.560150
20932.6172	-133.516129
20935.5469	-136.353287
20938.4766	-126.246109
20941.4062	-124.319992
20944.3359	-130.941895
20947.2656	-130.841507
20950.1953	-122.368523
20953.1250	-120.761673
20956.0547	-127.526184
20958.9844	-129.654861
20961.9141	-129.572754
20964.8438	-133.371872
20967.7734	-134.364120
20970.7031	-132.751724
20973.6328	-126.373688
20976.5625	-125.316704
20979.4922	-134.304993
20982.4219	-138.112411
20985.3516	-133.262390
20988.2812	-133.282913
20991.2109	-150.884689
20994.1406	-126.628922
20997.0703	-127.408012
21000.0000	-125.572739
21002.9297	-122.820656
21005.8594	-129.163620
21008.7891	-131.625504
21011.7188	-133.117188
21014.6484	-132.921127
21017.5781	-130.142593
21020.5078	-134.592682
21023.4375	-136.925980
21026.3672	-130.530304
21029.2969	-134.175049
21032.2266	-129.146606
21035.1562	-126.916267
21038.0859	-133.917358
21041.0156	-130.560211
21043.9453	-125.025009
21046.8750	-132.746262
21049.8047	-121.144608
21052.7344	-117.557579
21055.6641	-122.849098
21058.5938	-135.463852
21061.5234	-129.094330
21064.4531	-130.610428
21067.3828	-133.635712
21070.3125	-133.055740
21073.2422	-137.927231
21076.1719	-135.971329
21079.1016	-134.399323
21082.0312	-134.763565
21084.9609	-133.190155
21087.8906	-129.655121
21090.8203	-127.259552
21093.7500	-128.817169
21096.6797	-128.590622
21099.6094	-136.671967
21102.5391	-123.049652
21105.4688	-124.575005
21108.3984	-128.139923
21111.3281	-133.679047
21114.2578	-129.829407
21117.1875	-134.639801
21120.1172	-131.653732
21123.0469	-142.603928
21125.9766	-128.374512
21128.9062	-128.383652
21131.8359	-126.628563
21134.7656	-134.112366
21137.6953	-130.683334
21140.6250	-132.312820
21143.5547	-140.453247
21146.4844	-130.618851
21149.4141	-125.201698
21152.3438	-130.826324
21155.2734	-129.819107
21158.2031	-131.397064
21161.1328	-132.757690
21164.0625	-127.220764
21166.9922	-138.586838
21169.9219	-128.817307
21172.8516	-127.811722
21175.7812	-135.651123
21178.7109	-146.369247
21181.6406	-132.816132
21184.5703	-136.253143
21187.5000	-130.142227
21190.4297	-135.151474
21193.3594	-135.437302
21196.2891	-137.601395
21199.2188	-138.255005
21202.1484	-128.338425
21205.0781	-130.655045
21208.0078	-132.505692
21210.9375	-130.121613
21213.8672	-139.672699
21216.7969	-136.414658
21219.7266	-145.417297
21222.6562	-136.050140
21225.5859	-150.761551
21228.5156	-131.584335
21231.4453	-130.286896
21234.3750	-128.945923
21237.3047	-127.521072
21240.2344	-128.957443
21243.1641	-132.819534
21246.0938	-128.584763
21249.0234	-125.962883
21251.9531	-126.417046
21254.8828	-126.602524
21257.8125	-129.106583
21260.7422	-128.063873
21263.6719	-129.405701
21266.6016	-125.769455
21269.5312	-129.376053
21272.4609	-141.004532
21275.3906	-135.074356
21278.3203	-128.621780
21281.2500	-131.404144
21284.1797	-132.687958
21287.1094	-126.184982
21290.0391	-124.814781
21292.9688	-128.090302
21295.8984	-129.067947
21298.8281	-132.327667
21301.7578	-128.889847
21304.6875	-126.395348
21307.6172	-132.354660
21310.5469	-143.758163
21313.4766	-137.396988
21316.4062	-130.213638
21319.3359	-126.936096
21322.2656	-125.945038
21325.1953	-129.344543
21328.1250	-132.664291
21331.0547	-131.285202
21333.9844	-130.014877
21336.9141	-131.659348
21339.8438	-137.181396
21342.7734	-141.920090
21345.7031	-133.320160
21348.6328	-128.714767
21351.5625	-122.030060
21354.4922	-123.380241
21357.4219	-130.455963
21360.3516	-140.536087
21363.2812	-131.219299
21366.2109	-133.029968
21369.1406	-137.951447
21372.0703	-131.058456
21375.0000	-133.170746
21377.9297	-134.380737
21380.8594	-131.666641
21383.7891	-128.382706
21386.7188	-132.873199
21389.6484	-133.312561
21392.5781	-130.689377
21395.5078	-128.366196
21398.4375	-123.357376
21401.3672	-125.200134
21404.2969	-132.280411
21407.2266	-131.316177
21410.1562	-128.223740
21413.0859	-129.728714
21416.0156	-130.145996
21418.9453	-134.285889
21421.8750	-134.220078
21424.8047	-131.379807
21427.7344	-128.885437
21430.6641	-138.814697
21433.5938	-135.695084
21436.5234	-133.600021
21439.4531	-137.392441
21442.3828	-129.182358
21445.3125	-128.269501
21448.2422	-142.743057
21451.1719	-126.000786
21454.1016	-124.007912
21457.0312	-130.771454
21459.9609	-128.066376
21462.8906	-124.849625
21465.8203	-127.295845
21468.7500	-144.978699
21471.6797	-129.027588
21474.6094	-126.930923
21477.5391	-131.479752
21480.4688	-139.594177
21483.3984	-125.206032
21486.3281	-125.796341
21489.2578	-135.181381
21492.1875	-133.650696
21495.1172	-136.041733
21498.0469	-133.960312
21500.9766	-132.460693
21503.9062	-135.606934
21506.8359	-129.359344
21509.7656	-125.957024
21512.6953	-132.666275
21515.6250	-130.058441
21518.5547	-128.338150
21521.4844	-133.261765
21524.4141	-127.387604
21527.3438	-126.893814
21530.2734	-132.231232
21533.2031	-130.523926
21536.1328	-133.514557
21539.0625	-136.045471
21541.9922	-124.794975
21544.9219	-125.084587
21547.8516	-126.171761
21550.7812	-124.696442
21553.7109	-127.587219
21556.6406	-130.744476
21559.5703	-128.835693
21562.5000	-135.099869
21565.4297	-130.425415
21568.3594	-131.101303
21571.2891	-128.592194
21574.2188	-135.359604
21577.1484	-132.343704
21580.0781	-128.139740
21583.0078	-128.170517
21585.9375	-125.305283
21588.8672	-125.744606
21591.7969	-135.627625
21594.7266	-130.436462
21597.6562	-129.915314
21600.5859	-134.417313
21603.5156	-125.023384
21606.4453	-128.870300
21609.3750	-135.127289
21612.3047	-135.693527
21615.2344	-128.679245
21618.1641	-134.267227
21621.0938	-139.418655
21624.0234	-132.668564
21626.9531	-132.059647
21629.8828	-139.814331
21632.8125	-130.254242
21635.7422	-128.902634
21638.6719	-130.171417
21641.6016	-130.974442
21644.5312	-136.062088
21647.4609	-127.586472
21650.3906	-125.435959
21653.3203	-125.948402
21656.2500	-127.822861
21659.1797	-135.876526
21662.1094	-136.979248
21665.0391	-132.377762
21667.9688	-143.787186
21670.8984	-129.598984
21673.8281	-138.513718
21676.7578	-130.593307
21679.6875	-125.832245
21682.6172	-130.690796
21685.5469	-150.242874
21688.4766	-133.116852
21691.4062	-129.120407
21694.3359	-136.791229
21697.2656	-139.286530
21700.1953	-128.811249
21703.1250	-124.367523
21706.0547	-125.912666
21708.9844	-128.139435
21711.9141	-130.638107
21714.8438	-141.860901
21717.7734	-132.120483
21720.7031	-131.276413
21723.6328	-138.466171
21726.5625	-128.613556
21729.4922	-129.745270
21732.4219	-136.520126
21735.3516	-128.562561
21738.2812	-127.466064
21741.2109	-131.658310
21744.1406	-133.653976
21747.0703	-130.833542
21750.0000	-137.615860
21752.9297	-131.173965
21755.8594	-129.507446
21758.7891	-135.190445
21761.7188	-139.411224
21764.6484	-132.958603
21767.5781	-127.748833
21770.5078	-125.870453
21773.4375	-128.755905
21776.3672	-130.736237
21779.2969	-130.489700
21782.2266	-133.282242
21785.1562	-140.014053
21788.0859	-135.597351
21791.0156	-133.414459
21793.9453	-126.305786
21796.8750	-134.494156
21799.8047	-132.674484
21802.7344	-138.128326
21805.6641	-128.410507
21808.5938	-126.475822
21811.5234	-129.367264
21814.4531	-132.646027
21817.3828	-134.943619
21820.3125	-144.265320
21823.2422	-128.952057
21826.1719	-131.782684
21829.1016	-149.443604
21832.0312	-136.272247
21834.9609	-131.656891
21837.8906	-134.385468
21840.8203	-132.477524
21843.7500	-136.005478
21846.6797	-136.044937
21849.6094	-135.188736
21852.5391	-137.386993
21855.4688	-129.295212
21858.3984	-125.099503
21861.3281	-124.996010
21864.2578	-128.891357
21867.1875	-138.688004
21870.1172	-133.187820
21873.0469	-130.554504
21875.9766	-135.905334
21878.9062	-135.614746
21881.8359	-133.469376
21884.7656	-130.798874
21887.6953	-127.539581
21890.6250	-128.451981
21893.5547	-129.849869
21896.4844	-136.124588
21899.4141	-132.189606
21902.3438	-125.947594
21905.2734	-125.472321
21908.2031	-125.059731
21911.1328	-127.306824
21914.0625	-123.131882
21916.9922	-126.199188
21919.9219	-135.843597
21922.8516	-123.901428
21925.7812	-128.114334
21928.7109	-128.937363
21931.6406	-132.253387
21934.5703	-136.930145
21937.5000	-128.424606
21940.4297	-130.016373
21943.3594	-134.710434
21946.2891	-138.113892
21949.2188	-130.281311
21952.1484	-131.409241
21955.0781	-145.410522
21958.0078	-144.324341
21960.9375	-135.332718
21963.8672	-142.311859
21966.7969	-135.106934
21969.7266	-132.222763
21972.6562	-139.782425
21975.5859	-134.421585
21978.5156	-132.409256
21981.4453	-137.200134
21984.3750	-132.407898
21987.3047	-131.639359
21990.2344	-131.784378
21993.1641	-136.330490
21996.0938	-155.417603
21999.0234	-143.928391
22001.9531	-134.281296
22004.8828	-127.789207
22007.8125	-130.850021
22010.7422	-129.469086
22013.6719	-126.321602
22016.6016	-132.409882
22019.5312	-134.076981
22022.4609	-127.750229
22025.3906	-130.660736
22028.3203	-135.006012
22031.2500	-127.797462
22034.1797	-130.335953
22037.1094	-133.600769
22040.0391	-128.512894
22042.9688	-125.863258
22045.8984	-140.600067
22048.8281	-129.595978
22051.7578	-133.799149
22054.6875	-139.623932
22057.6172	-133.100510
22060.5469	-135.731812
22063.4766	-133.337341
22066.4062	-129.198486
22069.3359	-130.514557
22072.2656	-148.623047
22075.1953	-138.437683
22078.1250	-141.123810
22081.0547	-132.264877
22083.9844	-128.664886
22086.9141	-124.560654
22089.8438	-122.838341
22092.7734	-127.194115
22095.7031	-138.290497
22098.6328	-126.071602
22101.5625	-128.017319
22104.4922	-137.241486
22107.4219	-134.257492
22110.3516	-130.713745
22113.2812	-128.766663
22116.2109	-149.201767
22119.1406	-147.175262
22122.0703	-137.029510
22125.0000	-128.916718
22127.9297	-127.447113
22130.8594	-131.660889
22133.7891	-128.441498
22136.7188	-122.180603
22139.6484	-121.977158
22142.5781	-129.152939
22145.5078	-134.480194
22148.4375	-128.724503
22151.3672	-126.604790
22154.2969	-124.883453
22157.2266	-125.599663
22160.1562	-131.645203
22163.0859	-136.999649
22166.0156	-139.487854
22168.9453	-134.119965
22171.8750	-133.301208
22174.8047	-131.611771
22177.7344	-138.776245
22180.6641	-152.451447
22183.5938	-132.713623
22186.5234	-126.611916
22189.4531	-127.209503
22192.3828	-129.656586
22195.3125	-130.925323
22198.2422	-129.477997
22201.1719	-132.423752
22204.1016	-138.242966
22207.0312	-137.996643
22209.9609	-133.397858
22212.8906	-128.212479
22215.8203	-126.415024
22218.7500	-128.913071
22221.6797	-132.845612
22224.6094	-129.593735
22227.5391	-131.298355
22230.4688	-130.147980
22233.3984	-135.143875
22236.3281	-137.960464
22239.2578	-133.925537
22242.1875	-134.166946
22245.1172	-136.002579
22248.0469	-127.693474
22250.9766	-125.539993
22253.9062	-129.801926
22256.8359	-134.619385
22259.7656	-133.491516
22262.6953	-134.776489
22265.6250	-148.464142
22268.5547	-140.687653
22271.4844	-140.655777
22274.4141	-134.296616
22277.3438	-135.002213
22280.2734	-131.392365
22283.2031	-127.331306
22286.1328	-125.733841
22289.0625	-130.373260
22291.9922	-133.111526
22294.9219	-126.522308
22297.8516	-133.425674
22300.7812	-134.271027
22303.7109	-126.734955
22306.6406	-128.519043
22309.5703	-138.304382
22312.5000	-133.714706
22315.4297	-131.404510
22318.3594	-128.722275
22321.2891	-128.073761
22324.2188	-135.417450
22327.1484	-129.392578
22330.0781	-126.914337
22333.0078	-132.389984
22335.9375	-131.595947
22338.8672	-133.825592
22341.7969	-139.663315
22344.7266	-134.757156
22347.6562	-144.274689
22350.5859	-131.525482
22353.5156	-125.173302
22356.4453	-127.632301
22359.3750	-130.330383
22362.3047	-129.903946
22365.2344	-135.485886
22368.1641	-133.886536
22371.0938	-128.806824
22374.0234	-125.444359
22376.9531	-125.617935
22379.8828	-127.521622
22382.8125	-130.454605
22385.7422	-126.439507
22388.6719	-126.459343
22391.6016	-136.073975
22394.5312	-135.412430
22397.4609	-139.582565
22400.3906	-137.475327
22403.3203	-129.092300
22406.2500	-131.539337
22409.1797	-133.901993
22412.1094	-139.679916
22415.0391	-130.032547
22417.9688	-129.703873
22420.8984	-144.010330
22423.8281	-138.158279
22426.7578	-142.248520
22429.6875	-134.154785
22432.6172	-136.059784
22435.5469	-133.033875
22438.4766	-138.266037
22441.4062	-131.361603
22444.3359	-138.597519
22447.2656	-137.835831
22450.1953	-136.307465
22453.1250	-131.269714
22456.0547	-134.889572
22458.9844	-138.286011
22461.9141	-133.305237
22464.8438	-132.824310
22467.7734	-144.463440
22470.7031	-135.246231
22473.6328	-134.731506
22476.5625	-147.930695
22479.4922	-133.412155
22482.4219	-131.769547
22485.3516	-129.650116
22488.2812	-129.719131
22491.2109	-127.461609
22494.1406	-130.365036
22497.0703	-140.220093
22500.0000	-129.118225
22502.9297	-127.122787
22505.8594	-127.422691
22508.7891	-128.594543
22511.7188	-137.250168
22514.6484	-127.702148
22517.5781	-133.439377
22520.5078	-135.073669
22523.4375	-147.999924
