## вначале идут данные #set..., на которых снимался график, на [16] позиции стоит <TAB>, потом данные, <ENTER>																	
##   ( текущие настройки генератора могут не совпасть, и наверняка не совпадут, со считанными настройками )																	
## потом строка с номером и названием графика, #0# ... <TAB> N <ENTER> 																	
## непосредственно данные идут в формате: частота-5цифр, <TAB>, значение параметра через десятичная запятая <ENTER>																	
## экспоненциальная форма записи числа E+n - приходит из EXCEL - не прокатывает 																	
#set Freq_start 	20514																
#set Power_proc 	20																
#set F_Step     	3																
#set Time_Step  	25																
#set N_step     	1000																
#set F_marker   	20514																
#set Chart_min  	19546																
#set Chart_max  	22505																
#D	19546	11907,76	171551,1	0	-1,766544	2,617406	-73,53783	0	0	0	0	0	0	0	0	0	0
#D	19555	12420,52	170878	0	-1,768693	2,606085	-73,54876	0	0	0	0	0	0	0	0	0	0
#D	19573	13766,02	169303	0	-1,765804	2,591112	-73,61922	0	0	0	0	0	0	0	0	0	0
#D	19582	14342,78	170448,6	0	-1,772994	2,567339	-73,63657	0	0	0	0	0	0	0	0	0	0
#D	19600	15112,28	169094,7	0	-1,765908	2,531902	-73,69028	0	0	0	0	0	0	0	0	0	0
#D	19609	15945,04	169502,3	0	-1,775341	2,548653	-73,72532	0	0	0	0	0	0	0	0	0	0
#D	19627	16661,08	169608,3	0	-1,768223	2,450699	-73,80397	0	0	0	0	0	0	0	0	0	0
#D	19636	19222,59	169616,1	0	-1,775263	2,472043	-73,84544	0	0	0	0	0	0	0	0	0	0
#D	19654	21785,6	168757,1	0	-1,771196	2,472679	-73,92636	0	0	0	0	0	0	0	0	0	0
#D	19663	22811,11	169862,8	0	-1,776747	2,465003	-73,96696	0	0	0	0	0	0	0	0	0	0
#D	19681	26014,12	169357	0	-1,771618	2,448232	-74,0499	0	0	0	0	0	0	0	0	0	0
#D	19690	28575,62	168713,5	0	-1,772328	2,431011	-74,06692	0	0	0	0	0	0	0	0	0	0
#D	19708	28706,63	170050,2	0	-1,773813	2,344903	-74,1172	0	0	0	0	0	0	0	0	0	0
#D	19717	29860,14	170675,3	0	-1,773375	2,310024	-74,15702	0	0	0	0	0	0	0	0	0	0
#D	19736	30375,15	170993,5	0	-1,77407	2,244863	-74,22533	0	0	0	0	0	0	0	0	0	0
#D	19745	31656,66	171371,3	0	-1,773931	2,204726	-74,25993	0	0	0	0	0	0	0	0	0	0
#D	19754	31786,16	171523,7	0	-1,769078	2,18172	-74,30693	0	0	0	0	0	0	0	0	0	0
#D	19763	34135,34	170927,1	0	-1,776108	2,213973	-74,35239	0	0	0	0	0	0	0	0	0	0
#D	19781	38493,36	171076,9	0	-1,771059	2,180507	-74,44701	0	0	0	0	0	0	0	0	0	0
#D	19800	41828,39	171428,9	0	-1,77153	2,127495	-74,52776	0	0	0	0	0	0	0	0	0	0
#D	19809	44647,4	171115	0	-1,775482	2,146074	-74,58679	0	0	0	0	0	0	0	0	0	0
#D	19837	46448,44	172433	0	-1,774284	2,013276	-74,77913	0	0	0	0	0	0	0	0	0	0
#D	19855	48758,46	170920,2	0	-1,776448	2,017778	-74,90494	0	0	0	0	0	0	0	0	0	0
#D	19864	50041,47	172843,9	0	-1,778121	1,975022	-74,95378	0	0	0	0	0	0	0	0	0	0
#D	19874	52092,48	172215,9	0	-1,776818	1,954911	-74,9985	0	0	0	0	0	0	0	0	0	0
#D	19883	54655,5	170938,5	0	-1,782584	1,982323	-75,04932	0	0	0	0	0	0	0	0	0	0
#D	19901	59525,52	171456,3	0	-1,774782	1,947661	-75,14198	0	0	0	0	0	0	0	0	0	0
#D	19911	62857,54	172405,1	0	-1,779885	1,954533	-75,21828	0	0	0	0	0	0	0	0	0	0
#D	19929	74527,12	171795,6	0	-1,780982	1,990852	-75,33619	0	0	0	0	0	0	0	0	0	0
#D	19939	80165,14	172356,3	0	-1,779995	1,965829	-75,40478	0	0	0	0	0	0	0	0	0	0
#D	19957	85297,19	173417,5	0	-1,78144	1,917576	-75,57547	0	0	0	0	0	0	0	0	0	0
#D	19966	86839,21	174190,1	0	-1,783492	1,890973	-75,65408	0	0	0	0	0	0	0	0	0	0
#D	19976	86845,23	173171,5	0	-1,778399	1,868968	-75,73627	0	0	0	0	0	0	0	0	0	0
#D	19985	89923,26	174291,9	0	-1,785017	1,811987	-75,81392	0	0	0	0	0	0	0	0	0	0
#D	20004	99153,31	172769,6	1	-1,778873	1,756817	-76,03014	0	0	0	0	0	0	0	0	0	0
#D	20013	104791,3	171898	1	-1,783157	1,761432	-76,13465	0	0	0	0	0	0	0	0	0	0
#D	20023	110429,4	168722,6	1	-1,782662	1,777647	-76,24445	0	0	0	0	0	0	0	0	0	0
#D	20042	121193,4	166015,8	1	-1,780967	1,812933	-76,51947	0	0	0	0	0	0	0	0	0	0
#D	20051	125295,4	165024,8	1	-1,776904	1,825621	-76,62533	0	0	0	0	0	0	0	0	0	0
#D	20070	144123	165741,1	1	-1,781423	1,830933	-76,88057	0	0	0	0	0	0	0	0	0	0
#D	20079	147207	164704,6	1	-1,780446	1,837073	-76,96854	0	0	0	0	0	0	0	0	0	0
#D	20089	151315,1	167559,3	1	-1,777563	1,847072	-77,12466	0	0	0	0	0	0	0	0	0	0
#D	20098	152351,1	167680,9	1	-1,777865	1,862535	-77,20448	0	0	0	0	0	0	0	0	0	0
#D	20117	163639,2	175059,5	1	-1,791485	1,828972	-77,46661	0	0	0	0	0	0	0	0	0	0
#D	20127	171847,3	176537,8	1	-1,792292	1,784947	-77,65752	0	0	0	0	0	0	0	0	0	0
#D	20136	189267,3	181043,4	2	-1,801414	1,683989	-77,80131	0	0	0	0	0	0	0	0	0	0
#D	20146	198495,4	179602	4	-1,799941	1,644257	-77,95554	0	0	0	0	0	0	0	0	0	0
#D	20165	224119,5	180774,7	5	-1,809584	1,578752	-78,38274	0	0	0	0	0	0	0	0	0	0
#D	20174	236419,5	180370,4	6	-1,814716	1,54602	-78,57559	0	0	0	0	0	0	0	0	0	0
#D	20184	247699,6	180155,5	7	-1,823058	1,538623	-78,75156	0	0	0	0	0	0	0	0	0	0
#D	20193	266047,2	179804,2	7	-1,826897	1,498512	-78,98254	0	0	0	0	0	0	0	0	0	0
#D	20203	286551,3	179829,1	9	-1,839539	1,479288	-79,3161	0	0	0	0	0	0	0	0	0	0
#D	20212	315247,4	178863	9	-1,862367	1,448666	-79,59898	0	0	0	0	0	0	0	0	0	0
#D	20232	364455,6	171094,6	13	-1,94551	1,338651	-80,23642	0	0	0	0	0	0	0	0	0	0
#D	20251	380887,8	157323,2	14	-2,100069	1,099822	-81,01322	0	0	0	0	0	0	0	0	0	0
#D	20260	395247,9	150789,9	13	-2,178724	0,9746606	-81,41982	0	0	0	0	0	0	0	0	0	0
#D	20270	409600	144611,5	11	-2,226377	0,8825837	-81,89552	0	0	0	0	0	0	0	0	0	0
#D	20280	423968,1	142507,8	12	-2,28105	0,8131871	-82,45302	0	0	0	0	0	0	0	0	0	0
#D	20299	413776,3	135139,8	11	-2,310378	0,65791	-83,77305	0	0	0	0	0	0	0	0	0	0
#D	20309	389224,4	123950,8	11	-2,291284	0,4211724	-84,5529	0	0	0	0	0	0	0	0	0	0
#D	20318	376960,5	115332,6	9	-2,27826	0,2453284	-85,42461	0	0	0	0	0	0	0	0	0	0
#D	20328	364704,6	103107,5	9	-2,261949	0,09086871	-86,43685	0	0	0	0	0	0	0	0	0	0
#D	20338	344248,7	94640,8	9	-2,224324	-0,02124286	-88,04758	0	0	0	0	0	0	0	0	0	0
#D	20347	323792,8	90281,63	9	-2,159119	-0,1693723	-89,60039	0	0	0	0	0	0	0	0	0	0
#D	20367	255108,5	84868,84	8	-1,945241	-0,771769	-94,65371	0	0	0	0	0	0	0	0	0	0
#D	20376	245904,6	77577,5	7	-1,915217	-0,9404938	-98,76334	0	0	0	0	0	0	0	0	0	0
#D	20386	239772,6	75255,78	5	-1,924523	-1,027663	-100,5406	0	0	0	0	0	0	0	0	0	0
#D	20396	230568,7	75739,42	6	-1,913271	5,021251	-96,72768	0	0	0	0	0	0	0	0	0	0
#D	20406	220344,7	82938,37	6	-1,886618	4,842144	-92,0238	0	0	0	0	0	0	0	0	0	0
#D	20425	183504,8	90752,09	4	-1,838155	4,675494	-86,24878	0	0	0	0	0	0	0	0	0	0
#D	20435	164060,9	90478,29	4	-1,818237	4,641789	-83,89946	0	0	0	0	0	0	0	0	0	0
#D	20445	143596,9	87833,8	3	-1,819277	4,635944	-82,19186	0	0	0	0	0	0	0	0	0	0
#D	20455	128124,5	85584,89	3	-1,81397	4,602105	-80,12314	0	0	0	0	0	0	0	0	0	0
#D	20464	113794,5	82020,37	3	-1,822386	4,594121	-78,72684	0	0	0	0	0	0	0	0	0	0
#D	20484	92816,56	78408,17	4	-1,871729	4,545781	-75,88171	0	0	0	0	0	0	0	0	0	0
#D	20494	82070,59	76600,19	3	-1,907857	4,527811	-74,44431	0	0	0	0	0	0	0	0	0	0
#D	20514	53074,32	75461,89	6	-1,949584	4,519345	-71,69725	0	0	0	0	0	0	0	0	0	0
#D	20523	44373,33	70530,62	4	-1,961088	4,497551	-70,47677	0	0	0	0	0	0	0	0	0	0
#D	20533	40792,34	68576,67	3	-1,974927	4,516784	-69,26437	0	0	0	0	0	0	0	0	0	0
#D	20543	32429,68	64131,83	4	-2,043028	4,564259	-67,63714	0	0	0	0	0	0	0	0	0	0
#D	20553	25007,69	63100,41	3	-2,139898	4,708132	-66,38395	0	0	0	0	0	0	0	0	0	0
#D	20563	21425,19	63308,68	2	-2,199465	4,745254	-64,85648	0	0	0	0	0	0	0	0	0	0
#D	20573	18738,7	65179,38	2	-2,236666	4,683331	-63,22562	0	0	0	0	0	0	0	0	0	0
#D	20593	20534,21	73253,98	2	-2,226529	4,258146	-59,26396	0	0	0	0	0	0	0	0	0	0
#D	20603	21559,72	75622,57	4	-2,208512	4,070166	-57,1486	0	0	0	0	0	0	0	0	0	0
#D	20613	23225,72	79584,37	3	-2,173849	3,854635	-54,21854	0	0	0	0	0	0	0	0	0	0
#D	20623	29499,23	83314,17	2	-2,141136	3,679777	-50,4108	0	0	0	0	0	0	0	0	0	0
#D	20643	64381,49	95442,55	2	-2,011698	3,299767	-44,66782	0	0	0	0	0	0	0	0	0	0
#D	20653	69377	103930,1	1	-1,999958	3,292343	-47,45859	0	0	0	0	0	0	0	0	0	0
#D	20663	69895,02	113412	2	-1,971365	3,277678	-51,45175	0	0	0	0	0	0	0	0	0	0
#D	20673	60295,53	115595,3	2	-1,961571	3,242939	-53,63237	0	0	0	0	0	0	0	0	0	0
#D	20683	47498,54	114329,7	0	-1,947214	3,121936	-55,55823	0	0	0	0	0	0	0	0	0	0
#D	20713	29642,29	108351,5	0	-1,964265	2,637158	-59,31012	0	0	0	0	0	0	0	0	0	0
#D	20723	28491,79	108307,1	0	-1,964762	2,374528	-60,05424	0	0	0	0	0	0	0	0	0	0
#D	20733	29005,8	107552,6	0	-1,951195	2,048318	-60,81488	0	0	0	0	0	0	0	0	0	0
#D	20743	30031,31	106464,7	0	-1,941521	1,853406	-61,4806	0	0	0	0	0	0	0	0	0	0
#D	20753	30800,81	104407,6	0	-1,935222	1,696303	-61,99468	0	0	0	0	0	0	0	0	0	0
#D	20763	31698,82	102662,2	0	-1,933165	1,595644	-62,57783	0	0	0	0	0	0	0	0	0	0
#D	20773	32596,33	100613,2	0	-1,916965	1,535048	-62,9851	0	0	0	0	0	0	0	0	0	0
#D	20783	34731,67	97597,14	0	-1,904177	1,425834	-63,41435	0	0	0	0	0	0	0	0	0	0
#D	20793	38063,68	95070,94	0	-1,903899	1,340563	-63,81322	0	0	0	0	0	0	0	0	0	0
#D	20804	39858,7	93235,3	0	-1,901685	1,308581	-64,22492	0	0	0	0	0	0	0	0	0	0
#D	20814	40886,71	91526,42	0	-1,903296	1,305093	-64,49974	0	0	0	0	0	0	0	0	0	0
#D	20824	42425,72	90665,59	0	-1,887514	1,277634	-64,81026	0	0	0	0	0	0	0	0	0	0
#D	20844	42944,75	89125,45	0	-1,87469	1,282819	-65,33874	0	0	0	0	0	0	0	0	0	0
#D	20854	42947,76	87131,66	0	-1,861777	1,256977	-65,59538	0	0	0	0	0	0	0	0	0	0
#D	20865	43719,78	85450,09	0	-1,857326	1,235335	-65,81959	0	0	0	0	0	0	0	0	0	0
#D	20875	44490,79	81889,61	0	-1,855903	1,183857	-66,03111	0	0	0	0	0	0	0	0	0	0
#D	20885	44237,8	80652,29	0	-1,860584	1,170646	-66,24057	0	0	0	0	0	0	0	0	0	0
#D	20906	41428,83	73468,87	0	-1,878319	1,073523	-66,63288	0	0	0	0	0	0	0	0	0	0
#D	20916	41176,84	72498,55	0	-1,88603	1,021718	-66,82485	0	0	0	0	0	0	0	0	0	0
#D	20926	41435,86	71290,75	0	-1,87996	0,9894624	-67,00187	0	0	0	0	0	0	0	0	0	0
#D	20936	41950,87	68247,41	0	-1,86501	0,9651727	-67,12599	0	0	0	0	0	0	0	0	0	0
#D	20947	41186,88	66655,38	0	-1,855071	0,9441755	-67,26463	0	0	0	0	0	0	0	0	0	0
#D	20957	40165,89	62951,05	0	-1,876504	0,9918956	-67,38027	0	0	0	0	0	0	0	0	0	0
#D	20977	38636,92	56693,75	0	-1,885019	0,9990245	-67,61804	0	0	0	0	0	0	0	0	0	0
#D	20988	37104,94	54886,63	0	-1,893357	1,00772	-67,74061	0	0	0	0	0	0	0	0	0	0
#D	20998	35571,95	52288,96	0	-1,894363	1,006278	-67,85405	0	0	0	0	0	0	0	0	0	0
#D	21008	33526,96	48958,3	1	-1,910065	0,9680662	-67,94932	0	0	0	0	0	0	0	0	0	0
#D	21019	32637,49	46352,32	0	-1,906972	0,9272602	-68,055	0	0	0	0	0	0	0	0	0	0
#D	21029	31486,99	44915,02	0	-1,917256	0,8890104	-68,14552	0	0	0	0	0	0	0	0	0	0
#D	21040	27392,5	41124,94	0	-2,020158	1,023204	-68,24816	0	0	0	0	0	0	0	0	0	0
#D	21050	23682,01	37007,93	0	-2,028423	1,033288	-68,35175	0	0	0	0	0	0	0	0	0	0
#D	21060	25092,02	34841,36	0	-1,980985	1,101252	-68,44113	0	0	0	0	0	0	0	0	0	0
#D	21071	25733,52	32823,24	0	-1,935598	1,034676	-68,54618	0	0	0	0	0	0	0	0	0	0
#D	21081	22663,53	29967,55	0	-2,092873	0,8271506	-68,61064	0	0	0	0	0	0	0	0	0	0
#D	21092	24073,04	29455,95	0	-2,084406	0,8514969	-68,7246	0	0	0	0	0	0	0	0	0	0
#D	21102	24459,04	29456,45	2	-1,999463	0,8628429	-68,83089	0	0	0	0	0	0	0	0	0	0
#D	21112	24844,55	28310,85	0	-1,959976	0,8606757	-68,8941	0	0	0	0	0	0	0	0	0	0
#D	21123	23822,56	27685,43	0	-1,997313	0,8623714	-68,97105	0	0	0	0	0	0	0	0	0	0
#D	21133	21904,06	26177,33	0	-2,024352	0,8653694	-69,02582	0	0	0	0	0	0	0	0	0	0
#D	21144	21266,07	23819,39	0	-2,10721	0,7998992	-69,10758	0	0	0	0	0	0	0	0	0	0
#D	21154	20371,58	22863,08	0	-2,016569	0,6882212	-69,15521	0	0	0	0	0	0	0	0	0	0
#D	21165	20757,58	21449,53	0	-2,002146	0,6377904	-69,23708	0	0	0	0	0	0	0	0	0	0
#D	21175	20887,09	19954,46	0	-1,983475	0,7606088	-69,31016	0	0	0	0	0	0	0	0	0	0
#D	21186	14540,55	18977,03	0	-1,888924	0,8682029	-69,3812	0	0	0	0	0	0	0	0	0	0
#D	21196	13069,3	17415,39	0	-1,800839	1,016349	-69,46921	0	0	0	0	0	0	0	0	0	0
#D	21217	19870,12	26628,82	0	-1,830533	0,8547522	-69,60605	0	0	0	0	0	0	0	0	0	0
#D	21228	29600,13	41140,05	0	-1,922234	1,143717	-69,68333	0	0	0	0	0	0	0	0	0	0
#D	21239	55875,26	70544,66	0	-1,927358	1,260264	-69,7632	0	0	0	0	0	0	0	0	0	0
#D	21249	47175,28	58151,8	0	-1,937513	1,068015	-69,8508	0	0	0	0	0	0	0	0	0	0
#D	21260	33354,29	38491,97	0	-1,977872	1,147583	-69,91892	0	0	0	0	0	0	0	0	0	0
#D	21270	26151,15	34209,29	0	-1,99744	0,9363542	-69,9982	0	0	0	0	0	0	0	0	0	0
#D	21281	16424,66	23051,08	0	-1,976568	0,8513209	-70,02512	0	0	0	0	0	0	0	0	0	0
#D	21292	17706,67	13920,93	0	-2,369935	1,042642	-70,04784	0	0	0	0	0	0	0	0	0	0
#D	21302	13654,09	12309,04	0	-2,043941	1,279857	-70,08502	0	0	0	0	0	0	0	0	0	0
#D	21313	11799,09	10704,01	0	-2,261882	1,398581	-70,10419	0	0	0	0	0	0	0	0	0	0
#D	21323	11735,84	11403,18	0	-2,341291	1,255127	-70,14819	0	0	0	0	0	0	0	0	0	0
#D	21334	7820,423	10928,9	0	-1,979112	1,199794	-70,19701	0	0	0	0	0	0	0	0	0	0
#D	21355	6573,302	10602,65	0	-1,984469	1,236	-70,24467	0	0	0	0	0	0	0	0	0	0
#D	21366	16219,61	15767,47	0	-2,125124	1,097472	-70,28812	0	0	0	0	0	0	0	0	0	0
#D	21388	12829,36	12321,56	0	-1,996224	1,044791	-70,37965	0	0	0	0	0	0	0	0	0	0
#D	21409	9311,121	9753,289	0	-1,899134	1,412257	-70,44583	0	0	0	0	0	0	0	0	0	0
#D	21431	11296,88	10604,04	0	-1,646713	1,701727	-70,54733	0	0	0	0	0	0	0	0	0	0
#D	21452	11874,63	12001,57	0	-1,535074	1,844562	-70,63025	0	0	0	0	0	0	0	0	0	0
#D	21463	12451,64	12009,37	0	-1,511337	1,913556	-70,66351	0	0	0	0	0	0	0	0	0	0
#D	21474	14564,64	12302,98	0	-1,515955	2,040718	-70,7138	0	0	0	0	0	0	0	0	0	0
#D	21484	15781,4	13595,29	0	-1,483684	1,864082	-70,75099	0	0	0	0	0	0	0	0	0	0
#D	21495	16294,4	14108,21	0	-1,442965	1,763052	-70,80527	0	0	0	0	0	0	0	0	0	0
#D	21517	18256,31	17957,19	0	-1,410941	1,7832	-70,86588	0	0	0	0	0	0	0	0	0	0
#D	21528	18514,32	19495,88	0	-1,380556	1,662243	-70,90619	0	0	0	0	0	0	0	0	0	0
#D	21539	18771,83	20875,79	0	-1,363272	1,657709	-70,95519	0	0	0	0	0	0	0	0	0	0
#D	21550	20309,83	22806,91	0	-1,352505	1,634014	-71,00108	0	0	0	0	0	0	0	0	0	0
#D	21571	25689,35	25147,14	0	-1,317901	1,68336	-71,10474	0	0	0	0	0	0	0	0	0	0
#D	21582	26203,36	26108,87	0	-1,30982	1,718774	-71,15471	0	0	0	0	0	0	0	0	0	0
#D	21593	26972,86	27336,19	0	-1,318588	1,707523	-71,19778	0	0	0	0	0	0	0	0	0	0
#D	21604	29918,87	29238,91	0	-1,326461	1,709862	-71,27765	0	0	0	0	0	0	0	0	0	0
#D	21615	30688,88	29975,46	0	-1,350304	1,709935	-71,32073	0	0	0	0	0	0	0	0	0	0
#D	21626	32226,38	30276,07	0	-1,341221	1,64148	-71,32124	0	0	0	0	0	0	0	0	0	0
#D	21637	31716,39	31521,21	0	-1,322986	1,575734	-71,3382	0	0	0	0	0	0	0	0	0	0
#D	21648	31718,4	31404,92	0	-1,271546	1,488426	-71,35587	0	0	0	0	0	0	0	0	0	0
#D	21659	31079,9	31657,44	0	-1,279106	1,515689	-71,37221	0	0	0	0	0	0	0	0	0	0
#D	21670	28393,91	29136,56	0	-1,275736	1,51414	-71,38036	0	0	0	0	0	0	0	0	0	0
#D	21681	24939,92	25638,64	0	-1,271429	1,527281	-71,40204	0	0	0	0	0	0	0	0	0	0
#D	21692	22253,43	19608,06	0	-1,212248	1,402983	-71,40977	0	0	0	0	0	0	0	0	0	0
#D	21703	20591,43	17496,88	0	-1,221613	1,419615	-71,43253	0	0	0	0	0	0	0	0	0	0
#D	21714	17521,44	14668,79	0	-1,281168	1,433854	-71,46586	0	0	0	0	0	0	0	0	0	0
#D	21725	13625,47	12929,03	0	-1,386209	1,611846	-71,49231	0	0	0	0	0	0	0	0	0	0
#D	21736	13242,48	14106,73	0	-1,352181	1,581874	-71,5136	0	0	0	0	0	0	0	0	0	0
#D	21758	16632,47	12298,92	0	-1,250272	1,579352	-71,59656	0	0	0	0	0	0	0	0	0	0
#D	21770	16125,24	15660,05	0	-1,33276	1,462776	-71,62725	0	0	0	0	0	0	0	0	0	0
#D	21781	17788,48	17767	0	-1,349045	1,499691	-71,66233	0	0	0	0	0	0	0	0	0	0
#D	21792	22270,49	19900,72	0	-1,327654	1,709589	-71,70818	0	0	0	0	0	0	0	0	0	0
#D	21803	23424	21996,6	0	-1,282241	1,669748	-71,74677	0	0	0	0	0	0	0	0	0	0
#D	21814	22785,51	21743,79	0	-1,294131	1,633009	-71,7953	0	0	0	0	0	0	0	0	0	0
#D	21825	22275,51	21755,96	0	-1,305254	1,670077	-71,82951	0	0	0	0	0	0	0	0	0	0
#D	21836	25349,02	20257,67	0	-1,29334	1,794111	-71,86129	0	0	0	0	0	0	0	0	0	0
#D	21848	27527,03	22482,35	0	-1,362839	1,876663	-71,87898	0	0	0	0	0	0	0	0	0	0
#D	21859	25737,04	25817,02	0	-1,396276	1,637218	-71,88629	0	0	0	0	0	0	0	0	0	0
#D	21870	25227,04	29173,13	0	-1,403117	1,525722	-71,89766	0	0	0	0	0	0	0	0	0	0
#D	21881	26252,55	32134,01	0	-1,438129	1,761213	-71,92173	0	0	0	0	0	0	0	0	0	0
#D	21892	32797,11	35994,53	0	-1,44557	1,76053	-71,93996	0	0	0	0	0	0	0	0	0	0
#D	21904	33569,13	37167,5	0	-1,449655	1,71992	-71,95497	0	0	0	0	0	0	0	0	0	0
#D	21915	34597,14	38629,15	0	-1,442216	1,773414	-71,98705	0	0	0	0	0	0	0	0	0	0
#D	21926	36136,16	39834,77	0	-1,46241	1,769005	-72,02744	0	0	0	0	0	0	0	0	0	0
#D	21937	39212,17	40813,24	0	-1,467272	1,751983	-72,03712	0	0	0	0	0	0	0	0	0	0
#D	21949	43824,19	45577	0	-1,490264	1,649177	-72,08559	0	0	0	0	0	0	0	0	0	0
#D	21960	45876,2	50452,88	0	-1,487859	1,575098	-72,13216	0	0	0	0	0	0	0	0	0	0
#D	21971	49463,21	53572,54	0	-1,50776	1,595909	-72,16764	0	0	0	0	0	0	0	0	0	0
#D	21983	52283,23	56949,64	0	-1,5088	1,583616	-72,216	0	0	0	0	0	0	0	0	0	0
#D	21994	56383,25	64835,55	0	-1,511327	1,600688	-72,25436	0	0	0	0	0	0	0	0	0	0
#D	22017	63047,28	75474,2	0	-1,49931	1,601268	-72,29451	0	0	0	0	0	0	0	0	0	0
#D	22028	66196,58	77476,25	0	-1,477618	1,521461	-72,30036	0	0	0	0	0	0	0	0	0	0
#D	22039	64590,3	70299,2	0	-1,437137	1,407528	-72,33372	0	0	0	0	0	0	0	0	0	0
#D	22051	58194,32	57777,94	0	-1,440697	1,362088	-72,35212	0	0	0	0	0	0	0	0	0	0
#D	22062	43094,34	43816,04	0	-1,414285	1,545648	-72,36298	0	0	0	0	0	0	0	0	0	0
#D	22074	42074,35	41628	0	-1,405918	1,58383	-72,37019	0	0	0	0	0	0	0	0	0	0
#D	22085	43357,36	42470,15	0	-1,405403	1,560596	-72,41086	0	0	0	0	0	0	0	0	0	0
#D	22097	45921,38	44493,48	0	-1,423857	1,590245	-72,44419	0	0	0	0	0	0	0	0	0	0
#D	22108	46437,39	44444,46	0	-1,430612	1,588228	-72,47261	0	0	0	0	0	0	0	0	0	0
#D	22119	43113,41	40763,64	0	-1,433558	1,533465	-72,49681	0	0	0	0	0	0	0	0	0	0
#D	22131	42349,43	39590,69	0	-1,451255	1,581886	-72,54262	0	0	0	0	0	0	0	0	0	0
#D	22142	42608,44	39379,75	0	-1,448582	1,576781	-72,57981	0	0	0	0	0	0	0	0	0	0
#D	22154	40820,45	39673,4	0	-1,437232	1,593339	-72,60873	0	0	0	0	0	0	0	0	0	0
#D	22165	38264,47	42606,14	0	-1,485894	1,738183	-72,6553	0	0	0	0	0	0	0	0	0	0
#D	22177	46204,48	45332,46	0	-1,500758	1,629398	-72,70004	0	0	0	0	0	0	0	0	0	0
#D	22188	47232,5	51088,06	0	-1,524493	1,594148	-72,76249	0	0	0	0	0	0	0	0	0	0
#D	22200	47492,52	54221,35	0	-1,549012	1,633992	-72,81766	0	0	0	0	0	0	0	0	0	0
#D	22212	48008,53	56103,21	0	-1,567406	1,640404	-72,85948	0	0	0	0	0	0	0	0	0	0
#D	22223	52875,54	62757,81	0	-1,587457	1,617235	-72,88252	0	0	0	0	0	0	0	0	0	0
#D	22235	55695,56	65148,11	0	-1,588855	1,615798	-72,89524	0	0	0	0	0	0	0	0	0	0
#D	22246	59795,57	70806,83	0	-1,610979	1,636752	-72,89433	0	0	0	0	0	0	0	0	0	0
#D	22258	63639,59	73841,77	0	-1,613377	1,632841	-72,90372	0	0	0	0	0	0	0	0	0	0
#D	22270	69431,21	81259,73	0	-1,624107	1,628398	-72,91382	0	0	0	0	0	0	0	0	0	0
#D	22281	72511,24	84937,15	0	-1,62543	1,638147	-72,91725	0	0	0	0	0	0	0	0	0	0
#D	22293	78151,27	90563,3	0	-1,591	1,558873	-72,92908	0	0	0	0	0	0	0	0	0	0
#D	22304	79693,3	93767,56	0	-1,582923	1,561603	-72,93742	0	0	0	0	0	0	0	0	0	0
#D	22316	80213,33	94355,11	0	-1,577434	1,566174	-72,97371	0	0	0	0	0	0	0	0	0	0
#D	22328	80733,36	91632,64	0	-1,546268	1,519639	-73,00366	0	0	0	0	0	0	0	0	0	0
#D	22340	73061,39	79336,23	0	-1,540484	1,548125	-73,02092	0	0	0	0	0	0	0	0	0	0
#D	22351	66925,42	76035,25	0	-1,581073	1,625341	-73,05759	0	0	0	0	0	0	0	0	0	0
#D	22363	67957,45	76872,48	0	-1,580502	1,620854	-73,09076	0	0	0	0	0	0	0	0	0	0
#D	22375	68989,48	77149,54	0	-1,636676	1,608656	-73,10915	0	0	0	0	0	0	0	0	0	0
#D	22386	74629,52	83996,04	0	-1,635686	1,61032	-73,16192	0	0	0	0	0	0	0	0	0	0
#D	22398	72589,55	82608,23	0	-1,637235	1,612162	-73,18184	0	0	0	0	0	0	0	0	0	0
#D	22410	73621,58	83432,65	0	-1,6523	1,60491	-73,20306	0	0	0	0	0	0	0	0	0	0
#D	22422	75165,61	85673,74	0	-1,660825	1,606631	-73,21931	0	0	0	0	0	0	0	0	0	0
#D	22433	77219,63	86775,01	0	-1,65817	1,604861	-73,2521	0	0	0	0	0	0	0	0	0	0
#D	22445	79787,66	89467,98	0	-1,65383	1,576425	-73,2756	0	0	0	0	0	0	0	0	0	0
#D	22457	80307,7	89318,8	0	-1,649523	1,563669	-73,31702	0	0	0	0	0	0	0	0	0	0
#D	22469	82363,73	93740,59	0	-1,663982	1,551843	-73,36237	0	0	0	0	0	0	0	0	0	0
#D	22481	83907,76	95864,24	0	-1,67163	1,54308	-73,39833	0	0	0	0	0	0	0	0	0	0
#D	22493	89035,79	103013,8	0	-1,68291	1,548454	-73,44061	0	0	0	0	0	0	0	0	0	0
#D	22505	93137,81	106615,3	0	-1,685669	1,542139	-72,16884	0	0	0	0	0	0	0	0	0	0
