;Freq(Hz)	Relative Amplitude (dB): Left
19412.1094	-73.134132
19415.0391	-73.140381
19417.9688	-73.142807
19420.8984	-73.151909
19423.8281	-73.166588
19426.7578	-73.175522
19429.6875	-73.182137
19432.6172	-73.184509
19435.5469	-73.187683
19438.4766	-73.197098
19441.4062	-73.215057
19444.3359	-73.237663
19447.2656	-73.243134
19450.1953	-73.249237
19453.1250	-73.260033
19456.0547	-73.255890
19458.9844	-73.267296
19461.9141	-73.294922
19464.8438	-73.307907
19467.7734	-73.311150
19470.7031	-73.316895
19473.6328	-73.325058
19476.5625	-73.333412
19479.4922	-73.343803
19482.4219	-73.352898
19485.3516	-73.362885
19488.2812	-73.382484
19491.2109	-73.404373
19494.1406	-73.418327
19497.0703	-73.441818
19500.0000	-73.462074
19502.9297	-73.454407
19505.8594	-73.458374
19508.7891	-73.475891
19511.7188	-73.481010
19514.6484	-73.479103
19517.5781	-73.479538
19520.5078	-73.477112
19523.4375	-73.474144
19526.3672	-73.486969
19529.2969	-73.504684
19532.2266	-73.512398
19535.1562	-73.509140
19538.0859	-73.513245
19541.0156	-73.530396
19543.9453	-73.538231
19546.8750	-73.538620
19549.8047	-73.544083
19552.7344	-73.548035
19555.6641	-73.545151
19558.5938	-73.553085
19561.5234	-73.571449
19564.4531	-73.589706
19567.3828	-73.609756
19570.3125	-73.619148
19573.2422	-73.619453
19576.1719	-73.619057
19579.1016	-73.617760
19582.0312	-73.626892
19584.9609	-73.645386
19587.8906	-73.656258
19590.8203	-73.658958
19593.7500	-73.666496
19596.6797	-73.675400
19599.6094	-73.683403
19602.5391	-73.694626
19605.4688	-73.707718
19608.3984	-73.726578
19611.3281	-73.733574
19614.2578	-73.733406
19617.1875	-73.754066
19620.1172	-73.777855
19623.0469	-73.791969
19625.9766	-73.799461
19628.9062	-73.804680
19631.8359	-73.819748
19634.7656	-73.839066
19637.6953	-73.850540
19640.6250	-73.872383
19643.5547	-73.892746
19646.4844	-73.888748
19649.4141	-73.892059
19652.3438	-73.921371
19655.2734	-73.943291
19658.2031	-73.948723
19661.1328	-73.962883
19664.0625	-73.971184
19666.9922	-73.985046
19669.9219	-74.011543
19672.8516	-74.028961
19675.7812	-74.034195
19678.7109	-74.039040
19681.6406	-74.051186
19684.5703	-74.059486
19687.5000	-74.065407
19690.4297	-74.067078
19693.3594	-74.068260
19696.2891	-74.083733
19699.2188	-74.094116
19702.1484	-74.092957
19705.0781	-74.095001
19708.0078	-74.104271
19710.9375	-74.125069
19713.8672	-74.144455
19716.7969	-74.152885
19719.7266	-74.158821
19722.6562	-74.171928
19725.5859	-74.185410
19728.5156	-74.192482
19731.4453	-74.205124
19734.3750	-74.219215
19737.3047	-74.231621
19740.2344	-74.245323
19743.1641	-74.254997
19746.0938	-74.264236
19749.0234	-74.275185
19751.9531	-74.295219
19754.8828	-74.321060
19757.8125	-74.336250
19760.7422	-74.342972
19763.6719	-74.349770
19766.6016	-74.364441
19769.5312	-74.388306
19772.4609	-74.410179
19775.3906	-74.430275
19778.3203	-74.445236
19781.2500	-74.445221
19784.1797	-74.450577
19787.1094	-74.471138
19790.0391	-74.482010
19792.9688	-74.493195
19795.8984	-74.506531
19798.8281	-74.512451
19801.7578	-74.534607
19804.6875	-74.557426
19807.6172	-74.573883
19810.5469	-74.597916
19813.4766	-74.617943
19816.4062	-74.633026
19819.3359	-74.647324
19822.2656	-74.667603
19825.1953	-74.697578
19828.1250	-74.724785
19831.0547	-74.742706
19833.9844	-74.749672
19836.9141	-74.761673
19839.8438	-74.788490
19842.7734	-74.816666
19845.7031	-74.838570
19848.6328	-74.857140
19851.5625	-74.880890
19854.4922	-74.893997
19857.4219	-74.912872
19860.3516	-74.932007
19863.2812	-74.947594
19866.2109	-74.961243
19869.1406	-74.974258
19872.0703	-74.982750
19875.0000	-75.004097
19877.9297	-75.032936
19880.8594	-75.038895
19883.7891	-75.046379
19886.7188	-75.062675
19889.6484	-75.081604
19892.5781	-75.101349
19895.5078	-75.110077
19898.4375	-75.124939
19901.3672	-75.145020
19904.2969	-75.155983
19907.2266	-75.180176
19910.1562	-75.215446
19913.0859	-75.235664
19916.0156	-75.241806
19918.9453	-75.255562
19921.8750	-75.284966
19924.8047	-75.305099
19927.7344	-75.321060
19930.6641	-75.350914
19933.5938	-75.367668
19936.5234	-75.377274
19939.4531	-75.402863
19942.3828	-75.434204
19945.3125	-75.461777
19948.2422	-75.487465
19951.1719	-75.516174
19954.1016	-75.541733
19957.0312	-75.565331
19959.9609	-75.585068
19962.8906	-75.609764
19965.8203	-75.643005
19968.7500	-75.668777
19971.6797	-75.694786
19974.6094	-75.719925
19977.5391	-75.750549
19980.4688	-75.779816
19983.3984	-75.795601
19986.3281	-75.820786
19989.2578	-75.859497
19992.1875	-75.902267
19995.1172	-75.933975
19998.0469	-75.945419
20000.9766	-75.965073
20003.9062	-76.012459
20006.8359	-76.057152
20009.7656	-76.085861
20012.6953	-76.113869
20015.6250	-76.150085
20018.5547	-76.188789
20021.4844	-76.220161
20024.4141	-76.263054
20027.3438	-76.305817
20030.2734	-76.329185
20033.2031	-76.368652
20036.1328	-76.421410
20039.0625	-76.468292
20041.9922	-76.506516
20044.9219	-76.536255
20047.8516	-76.566826
20050.7812	-76.600769
20053.7109	-76.642319
20056.6406	-76.691399
20059.5703	-76.734962
20062.5000	-76.780617
20065.4297	-76.841240
20068.3594	-76.865990
20071.2891	-76.893036
20074.2188	-76.922012
20077.1484	-76.941429
20080.0781	-76.977905
20083.0078	-77.032799
20085.9375	-77.067062
20088.8672	-77.104294
20091.7969	-77.150200
20094.7266	-77.177071
20097.6562	-77.181335
20100.5859	-77.196846
20103.5156	-77.262680
20106.4453	-77.330544
20109.3750	-77.368736
20112.3047	-77.394989
20115.2344	-77.433868
20118.1641	-77.494308
20121.0938	-77.543274
20124.0234	-77.590561
20126.9531	-77.633018
20129.8828	-77.673714
20132.8125	-77.732780
20135.7422	-77.777557
20138.6719	-77.817963
20141.6016	-77.876930
20144.5312	-77.926743
20147.4609	-77.975578
20150.3906	-78.042900
20153.3203	-78.106094
20156.2500	-78.159782
20159.1797	-78.226593
20162.1094	-78.297813
20165.0391	-78.350616
20167.9688	-78.403206
20170.8984	-78.479347
20173.8281	-78.562706
20176.7578	-78.613968
20179.6875	-78.646339
20182.6172	-78.707207
20185.5469	-78.785950
20188.4766	-78.866745
20191.4062	-78.946434
20194.3359	-79.016647
20197.2656	-79.100334
20200.1953	-79.184334
20203.1250	-79.255142
20206.0547	-79.357025
20208.9844	-79.467888
20211.9141	-79.556114
20214.8438	-79.643021
20217.7734	-79.728897
20220.7031	-79.816368
20223.6328	-79.909592
20226.5625	-80.005768
20229.4922	-80.117149
20232.4219	-80.240730
20235.3516	-80.351387
20238.2812	-80.458839
20241.2109	-80.573730
20244.1406	-80.698334
20247.0703	-80.828682
20250.0000	-80.948456
20252.9297	-81.070206
20255.8594	-81.205551
20258.7891	-81.346939
20261.7188	-81.495377
20264.6484	-81.631393
20267.5781	-81.754471
20270.5078	-81.890327
20273.4375	-82.041763
20276.3672	-82.195274
20279.2969	-82.365768
20282.2266	-82.544243
20285.1562	-82.706772
20288.0859	-82.895370
20291.0156	-83.101685
20293.9453	-83.311943
20296.8750	-83.554924
20299.8047	-83.787285
20302.7344	-83.976952
20305.6641	-84.166138
20308.5938	-84.394264
20311.5234	-84.672035
20314.4531	-84.979195
20317.3828	-85.269585
20320.3125	-85.558075
20323.2422	-85.891556
20326.1719	-86.251205
20329.1016	-86.613647
20332.0312	-86.990990
20334.9609	-87.376030
20337.8906	-87.794937
20340.8203	-88.263527
20343.7500	-88.755852
20346.6797	-89.328674
20349.6094	-89.893028
20352.5391	-90.423996
20355.4688	-91.136185
20358.3984	-91.969894
20361.3281	-92.835045
20364.2578	-93.720337
20367.1875	-94.599739
20370.1172	-95.641037
20373.0469	-96.857468
20375.9766	-98.194595
20378.9062	-99.513405
20381.8359	-100.487885
20384.7656	-100.940697
20387.6953	-100.816696
20390.6250	-99.916924
20393.5547	-98.365593
20396.4844	-96.674759
20399.4141	-95.142700
20402.3438	-93.760635
20405.2734	-92.482697
20408.2031	-91.396584
20411.1328	-90.455276
20414.0625	-89.514122
20416.9922	-88.577057
20419.9219	-87.740692
20422.8516	-86.961349
20425.7812	-86.233795
20428.7109	-85.551186
20431.6406	-84.851891
20434.5703	-84.188164
20437.5000	-83.574287
20440.4297	-82.983475
20443.3594	-82.447235
20446.2891	-81.934143
20449.2188	-81.402588
20452.1484	-80.869629
20455.0781	-80.352028
20458.0078	-79.863892
20460.9375	-79.407021
20463.8672	-78.958130
20466.7969	-78.499268
20469.7266	-78.042969
20472.6562	-77.612846
20475.5859	-77.187531
20478.5156	-76.753563
20481.4453	-76.315742
20484.3750	-75.876175
20487.3047	-75.453201
20490.2344	-75.044983
20493.1641	-74.637566
20496.0938	-74.238884
20499.0234	-73.855797
20501.9531	-73.463615
20504.8828	-73.072441
20507.8125	-72.694153
20510.7422	-72.301598
20513.6719	-71.893768
20516.6016	-71.494415
20519.5312	-71.099228
20522.4609	-70.680977
20525.3906	-70.263161
20528.3203	-69.863708
20531.2500	-69.467262
20534.1797	-69.066200
20537.1094	-68.660347
20540.0391	-68.250145
20542.9688	-67.840401
20545.8984	-67.432228
20548.8281	-67.025780
20551.7578	-66.604965
20554.6875	-66.169418
20557.6172	-65.735634
20560.5469	-65.301353
20563.4766	-64.860176
20566.4062	-64.407928
20569.3359	-63.948975
20572.2656	-63.476196
20575.1953	-62.989388
20578.1250	-62.487946
20581.0547	-61.954319
20583.9844	-61.402691
20586.9141	-60.825058
20589.8438	-60.223263
20592.7734	-59.602062
20595.7031	-58.959007
20598.6328	-58.271500
20601.5625	-57.540169
20604.4922	-56.788094
20607.4219	-55.994633
20610.3516	-55.143555
20613.2812	-54.241177
20616.2109	-53.270870
20619.1406	-52.214508
20622.0703	-51.076214
20625.0000	-49.842266
20627.9297	-48.510193
20630.8594	-47.130978
20633.7891	-45.812099
20636.7188	-44.733936
20639.6484	-44.101234
20642.5781	-44.114990
20645.5078	-44.731373
20648.4375	-45.723656
20651.3672	-46.887440
20654.2969	-48.061012
20657.2266	-49.162224
20660.1562	-50.165993
20663.0859	-51.075813
20666.0156	-51.905365
20668.9453	-52.659821
20671.8750	-53.347450
20674.8047	-53.974613
20677.7344	-54.547592
20680.6641	-55.076008
20683.5938	-55.568562
20686.5234	-56.030117
20689.4531	-56.468311
20692.3828	-56.882160
20695.3125	-57.267132
20698.2422	-57.641010
20701.1719	-57.989731
20704.1016	-58.302326
20707.0312	-58.604668
20709.9609	-58.901123
20712.8906	-59.183834
20715.8203	-59.450722
20718.7500	-59.704823
20721.6797	-59.945591
20724.6094	-60.173576
20727.5391	-60.392963
20730.4688	-60.610195
20733.3984	-60.819939
20736.3281	-61.014523
20739.2578	-61.203262
20742.1875	-61.390152
20745.1172	-61.573696
20748.0469	-61.755295
20750.9766	-61.923267
20753.9062	-62.076637
20756.8359	-62.223545
20759.7656	-62.365738
20762.6953	-62.507462
20765.6250	-62.649456
20768.5547	-62.788647
20771.4844	-62.923996
20774.4141	-63.052448
20777.3438	-63.175327
20780.2734	-63.294815
20783.2031	-63.414242
20786.1328	-63.533974
20789.0625	-63.650940
20791.9922	-63.761055
20794.9219	-63.862961
20797.8516	-63.977936
20800.7812	-64.088249
20803.7109	-64.174400
20806.6406	-64.269043
20809.5703	-64.367989
20812.5000	-64.454849
20815.4297	-64.541359
20818.3594	-64.634781
20821.2891	-64.727150
20824.2188	-64.811554
20827.1484	-64.892090
20830.0781	-64.968620
20833.0078	-65.043877
20835.9375	-65.122543
20838.8672	-65.196907
20841.7969	-65.259979
20844.7266	-65.331062
20847.6562	-65.425179
20850.5859	-65.506447
20853.5156	-65.563293
20856.4453	-65.621880
20859.3750	-65.689880
20862.3047	-65.758247
20865.2344	-65.818810
20868.1641	-65.881699
20871.0938	-65.945007
20874.0234	-66.004646
20876.9531	-66.060875
20879.8828	-66.113907
20882.8125	-66.176941
20885.7422	-66.244225
20888.6719	-66.300537
20891.6016	-66.351654
20894.5312	-66.406609
20897.4609	-66.460838
20900.3906	-66.521667
20903.3203	-66.583168
20906.2500	-66.634216
20909.1797	-66.681282
20912.1094	-66.736618
20915.0391	-66.801544
20917.9688	-66.855522
20920.8984	-66.905739
20923.8281	-66.957817
20926.7578	-67.006744
20929.6875	-67.041046
20932.6172	-67.073990
20935.5469	-67.103333
20938.4766	-67.141678
20941.4062	-67.184959
20944.3359	-67.221031
20947.2656	-67.265182
20950.1953	-67.307693
20953.1250	-67.335510
20956.0547	-67.361755
20958.9844	-67.392891
20961.9141	-67.430939
20964.8438	-67.470779
20967.7734	-67.507515
20970.7031	-67.540184
20973.6328	-67.570038
20976.5625	-67.599327
20979.4922	-67.633575
20982.4219	-67.669235
20985.3516	-67.703209
20988.2812	-67.740440
20991.2109	-67.778191
20994.1406	-67.810760
20997.0703	-67.838371
21000.0000	-67.868622
21002.9297	-67.898438
21005.8594	-67.928169
21008.7891	-67.950165
21011.7188	-67.969620
21014.6484	-68.008194
21017.5781	-68.048637
21020.5078	-68.072411
21023.4375	-68.090759
21026.3672	-68.114105
21029.2969	-68.144066
21032.2266	-68.178383
21035.1562	-68.206795
21038.0859	-68.233528
21041.0156	-68.263489
21043.9453	-68.288826
21046.8750	-68.309280
21049.8047	-68.330521
21052.7344	-68.363678
21055.6641	-68.403534
21058.5938	-68.433647
21061.5234	-68.453438
21064.4531	-68.473915
21067.3828	-68.504211
21070.3125	-68.538307
21073.2422	-68.562378
21076.1719	-68.579842
21079.1016	-68.599754
21082.0312	-68.618370
21084.9609	-68.644608
21087.8906	-68.678482
21090.8203	-68.710106
21093.7500	-68.735786
21096.6797	-68.774055
21099.6094	-68.821251
21102.5391	-68.834648
21105.4688	-68.836784
21108.3984	-68.858917
21111.3281	-68.882217
21114.2578	-68.907944
21117.1875	-68.927353
21120.1172	-68.933517
21123.0469	-68.954628
21125.9766	-68.989159
21128.9062	-69.006889
21131.8359	-69.014824
21134.7656	-69.030617
21137.6953	-69.050941
21140.6250	-69.078331
21143.5547	-69.107086
21146.4844	-69.117668
21149.4141	-69.127235
21152.3438	-69.151581
21155.2734	-69.164268
21158.2031	-69.177773
21161.1328	-69.205444
21164.0625	-69.222961
21166.9922	-69.244553
21169.9219	-69.275352
21172.8516	-69.294456
21175.7812	-69.308479
21178.7109	-69.327530
21181.6406	-69.350250
21184.5703	-69.374313
21187.5000	-69.394249
21190.4297	-69.405983
21193.3594	-69.421295
21196.2891	-69.466797
21199.2188	-69.519524
21202.1484	-69.524406
21205.0781	-69.514793
21208.0078	-69.529083
21210.9375	-69.550018
21213.8672	-69.569405
21216.7969	-69.590477
21219.7266	-69.619110
21222.6562	-69.645218
21225.5859	-69.661201
21228.5156	-69.679314
21231.4453	-69.709480
21234.3750	-69.740639
21237.3047	-69.761513
21240.2344	-69.768990
21243.1641	-69.781647
21246.0938	-69.812767
21249.0234	-69.844337
21251.9531	-69.864166
21254.8828	-69.881912
21257.8125	-69.898140
21260.7422	-69.914314
21263.6719	-69.944328
21266.6016	-69.974617
21269.5312	-70.000038
21272.4609	-70.008926
21275.3906	-70.009201
21278.3203	-70.012726
21281.2500	-70.024544
21284.1797	-70.038124
21287.1094	-70.043549
21290.0391	-70.044159
21292.9688	-70.049484
21295.8984	-70.054184
21298.8281	-70.074539
21301.7578	-70.095940
21304.6875	-70.088982
21307.6172	-70.080620
21310.5469	-70.090355
21313.4766	-70.106750
21316.4062	-70.115456
21319.3359	-70.127441
21322.2656	-70.141571
21325.1953	-70.154778
21328.1250	-70.168953
21331.0547	-70.182266
21333.9844	-70.194641
21336.9141	-70.200714
21339.8438	-70.210411
21342.7734	-70.215973
21345.7031	-70.210678
21348.6328	-70.219658
21351.5625	-70.233589
21354.4922	-70.235916
21357.4219	-70.246292
21360.3516	-70.262856
21363.2812	-70.279572
21366.2109	-70.290985
21369.1406	-70.293808
21372.0703	-70.304382
21375.0000	-70.317490
21377.9297	-70.330971
21380.8594	-70.351669
21383.7891	-70.366501
21386.7188	-70.376442
21389.6484	-70.386406
21392.5781	-70.389236
21395.5078	-70.384270
21398.4375	-70.386772
21401.3672	-70.406563
21404.2969	-70.425583
21407.2266	-70.435837
21410.1562	-70.449875
21413.0859	-70.472046
21416.0156	-70.488091
21418.9453	-70.491074
21421.8750	-70.496803
21424.8047	-70.510094
21427.7344	-70.527184
21430.6641	-70.546135
21433.5938	-70.555725
21436.5234	-70.560287
21439.4531	-70.569832
21442.3828	-70.585999
21445.3125	-70.606674
21448.2422	-70.624725
21451.1719	-70.627296
21454.1016	-70.628349
21457.0312	-70.640625
21459.9609	-70.652321
21462.8906	-70.654030
21465.8203	-70.663750
21468.7500	-70.683952
21471.6797	-70.700462
21474.6094	-70.713600
21477.5391	-70.727341
21480.4688	-70.736618
21483.3984	-70.746223
21486.3281	-70.757858
21489.2578	-70.763245
21492.1875	-70.775055
21495.1172	-70.796906
21498.0469	-70.818336
21500.9766	-70.830765
21503.9062	-70.828148
21506.8359	-70.823761
21509.7656	-70.833008
21512.6953	-70.851822
21515.6250	-70.868462
21518.5547	-70.873116
21521.4844	-70.870140
21524.4141	-70.879768
21527.3438	-70.895515
21530.2734	-70.913704
21533.2031	-70.935760
21536.1328	-70.943535
21539.0625	-70.950500
21541.9922	-70.958420
21544.9219	-70.968307
21547.8516	-70.989822
21550.7812	-71.003380
21553.7109	-71.010040
21556.6406	-71.019928
21559.5703	-71.028992
21562.5000	-71.040482
21565.4297	-71.069489
21568.3594	-71.097115
21571.2891	-71.105270
21574.2188	-71.111816
21577.1484	-71.124962
21580.0781	-71.140274
21583.0078	-71.164841
21585.9375	-71.188759
21588.8672	-71.189560
21591.7969	-71.189293
21594.7266	-71.199051
21597.6562	-71.213219
21600.5859	-71.239052
21603.5156	-71.269142
21606.4453	-71.292992
21609.3750	-71.309433
21612.3047	-71.318817
21615.2344	-71.321533
21618.1641	-71.321838
21621.0938	-71.321487
21624.0234	-71.316681
21626.9531	-71.318451
21629.8828	-71.328362
21632.8125	-71.329735
21635.7422	-71.331398
21638.6719	-71.344147
21641.6016	-71.347496
21644.5312	-71.342331
21647.4609	-71.347328
21650.3906	-71.362106
21653.3203	-71.371704
21656.2500	-71.375618
21659.1797	-71.373779
21662.1094	-71.367233
21665.0391	-71.368195
21667.9688	-71.374550
21670.8984	-71.387161
21673.8281	-71.391548
21676.7578	-71.386673
21679.6875	-71.399612
21682.6172	-71.413322
21685.5469	-71.408539
21688.4766	-71.404976
21691.4062	-71.412064
21694.3359	-71.416008
21697.2656	-71.405998
21700.1953	-71.403786
21703.1250	-71.427338
21706.0547	-71.447250
21708.9844	-71.451721
21711.9141	-71.458427
21714.8438	-71.465324
21717.7734	-71.473816
21720.7031	-71.485001
21723.6328	-71.491386
21726.5625	-71.496323
21729.4922	-71.496544
21732.4219	-71.499084
21735.3516	-71.510094
21738.2812	-71.519478
21741.2109	-71.525742
21744.1406	-71.530121
21747.0703	-71.534058
21750.0000	-71.542633
21752.9297	-71.563095
21755.8594	-71.587334
21758.7891	-71.599686
21761.7188	-71.602669
21764.6484	-71.609306
21767.5781	-71.619629
21770.5078	-71.627365
21773.4375	-71.634766
21776.3672	-71.649826
21779.2969	-71.664597
21782.2266	-71.666611
21785.1562	-71.668297
21788.0859	-71.684166
21791.0156	-71.700356
21793.9453	-71.713821
21796.8750	-71.734360
21799.8047	-71.738693
21802.7344	-71.734497
21805.6641	-71.746117
21808.5938	-71.767792
21811.5234	-71.788849
21814.4531	-71.797867
21817.3828	-71.799187
21820.3125	-71.807106
21823.2422	-71.819321
21826.1719	-71.837677
21829.1016	-71.853935
21832.0312	-71.853394
21834.9609	-71.857994
21837.8906	-71.867470
21840.8203	-71.866302
21843.7500	-71.861465
21846.6797	-71.877281
21849.6094	-71.892998
21852.5391	-71.884193
21855.4688	-71.877045
21858.3984	-71.883728
21861.3281	-71.890068
21864.2578	-71.894318
21867.1875	-71.896263
21870.1172	-71.894661
21873.0469	-71.897217
21875.9766	-71.902489
21878.9062	-71.912643
21881.8359	-71.926598
21884.7656	-71.925957
21887.6953	-71.930771
21890.6250	-71.944397
21893.5547	-71.943901
21896.4844	-71.940758
21899.4141	-71.943542
21902.3438	-71.952171
21905.2734	-71.960602
21908.2031	-71.963570
21911.1328	-71.968224
21914.0625	-71.980415
21916.9922	-71.995491
21919.9219	-72.004044
21922.8516	-72.010788
21925.7812	-72.022293
21928.7109	-72.034218
21931.6406	-72.042435
21934.5703	-72.038437
21937.5000	-72.032982
21940.4297	-72.039963
21943.3594	-72.056885
21946.2891	-72.073425
21949.2188	-72.083504
21952.1484	-72.099854
21955.0781	-72.116608
21958.0078	-72.127274
21960.9375	-72.137283
21963.8672	-72.147461
21966.7969	-72.155487
21969.7266	-72.161354
21972.6562	-72.170944
21975.5859	-72.182777
21978.5156	-72.194008
21981.4453	-72.208260
21984.3750	-72.224815
21987.3047	-72.236923
21990.2344	-72.240288
21993.1641	-72.242393
21996.0938	-72.260490
21999.0234	-72.274307
22001.9531	-72.280479
22004.8828	-72.289680
22007.8125	-72.295677
22010.7422	-72.281525
22013.6719	-72.273582
22016.6016	-72.286949
22019.5312	-72.308281
22022.4609	-72.309235
22025.3906	-72.298103
22028.3203	-72.296120
22031.2500	-72.306877
22034.1797	-72.320831
22037.1094	-72.329720
22040.0391	-72.340652
22042.9688	-72.343697
22045.8984	-72.337006
22048.8281	-72.342377
22051.7578	-72.352791
22054.6875	-72.361214
22057.6172	-72.365105
22060.5469	-72.359573
22063.4766	-72.361107
22066.4062	-72.366150
22069.3359	-72.361862
22072.2656	-72.364128
22075.1953	-72.375740
22078.1250	-72.379028
22081.0547	-72.388985
22083.9844	-72.406761
22086.9141	-72.417511
22089.8438	-72.430176
22092.7734	-72.436218
22095.7031	-72.437805
22098.6328	-72.448151
22101.5625	-72.454597
22104.4922	-72.456413
22107.4219	-72.468544
22110.3516	-72.482498
22113.2812	-72.482979
22116.2109	-72.485504
22119.1406	-72.497200
22122.0703	-72.507736
22125.0000	-72.526405
22127.9297	-72.547508
22130.8594	-72.544258
22133.7891	-72.531990
22136.7188	-72.546715
22139.6484	-72.569748
22142.5781	-72.583046
22145.5078	-72.586624
22148.4375	-72.578354
22151.3672	-72.590767
22154.2969	-72.614861
22157.2266	-72.620537
22160.1562	-72.633217
22163.0859	-72.651680
22166.0156	-72.662842
22168.9453	-72.673454
22171.8750	-72.677658
22174.8047	-72.681335
22177.7344	-72.696106
22180.6641	-72.722649
22183.5938	-72.750183
22186.5234	-72.763168
22189.4531	-72.764511
22192.3828	-72.772102
22195.3125	-72.783951
22198.2422	-72.808113
22201.1719	-72.835815
22204.1016	-72.842758
22207.0312	-72.847504
22209.9609	-72.853279
22212.8906	-72.861740
22215.8203	-72.875412
22218.7500	-72.881653
22221.6797	-72.880707
22224.6094	-72.882690
22227.5391	-72.885033
22230.4688	-72.887154
22233.3984	-72.893036
22236.3281	-72.899101
22239.2578	-72.901672
22242.1875	-72.891457
22245.1172	-72.886642
22248.0469	-72.895660
22250.9766	-72.903580
22253.9062	-72.901230
22256.8359	-72.907539
22259.7656	-72.906845
22262.6953	-72.899261
22265.6250	-72.907867
22268.5547	-72.911713
22271.4844	-72.915222
22274.4141	-72.920456
22277.3438	-72.914711
22280.2734	-72.912933
22283.2031	-72.918381
22286.1328	-72.922989
22289.0625	-72.934395
22291.9922	-72.943039
22294.9219	-72.929932
22297.8516	-72.908974
22300.7812	-72.910294
22303.7109	-72.935959
22306.6406	-72.951714
22309.5703	-72.951721
22312.5000	-72.954880
22315.4297	-72.965118
22318.3594	-72.979958
22321.2891	-72.994865
22324.2188	-73.001396
22327.1484	-73.000816
22330.0781	-73.001396
22333.0078	-73.011047
22335.9375	-73.024323
22338.8672	-73.020226
22341.7969	-73.013519
22344.7266	-73.025612
22347.6562	-73.048065
22350.5859	-73.061470
22353.5156	-73.056488
22356.4453	-73.064362
22359.3750	-73.082916
22362.3047	-73.089493
22365.2344	-73.094818
22368.1641	-73.095795
22371.0938	-73.090347
22374.0234	-73.093468
22376.9531	-73.116409
22379.8828	-73.136406
22382.8125	-73.138298
22385.7422	-73.148781
22388.6719	-73.172493
22391.6016	-73.188110
22394.5312	-73.192940
22397.4609	-73.182182
22400.3906	-73.171974
22403.3203	-73.180260
22406.2500	-73.195557
22409.1797	-73.202744
22412.1094	-73.205673
22415.0391	-73.208267
22417.9688	-73.208771
22420.8984	-73.216110
22423.8281	-73.224281
22426.7578	-73.228081
22429.6875	-73.235222
22432.6172	-73.244247
22435.5469	-73.256493
22438.4766	-73.272423
22441.4062	-73.282715
22444.3359	-73.281174
22447.2656	-73.269577
22450.1953	-73.268951
22453.1250	-73.291840
22456.0547	-73.314735
22458.9844	-73.326973
22461.9141	-73.334526
22464.8438	-73.343864
22467.7734	-73.362404
22470.7031	-73.373779
22473.6328	-73.369415
22476.5625	-73.375458
22479.4922	-73.399773
22482.4219	-73.412117
22485.3516	-73.405983
22488.2812	-73.409599
22491.2109	-73.430565
22494.1406	-73.456718
22497.0703	-73.465569
