;Freq(Hz)	Relative Amplitude (dB): Left
19412.1094	-138.910706
19415.0391	-140.812195
19417.9688	-139.962158
19420.8984	-137.758774
19423.8281	-133.729660
19426.7578	-134.758789
19429.6875	-137.999908
19432.6172	-127.979561
19435.5469	-125.186836
19438.4766	-128.279678
19441.4062	-133.516190
19444.3359	-131.120056
19447.2656	-136.191376
19450.1953	-137.251709
19453.1250	-136.004990
19456.0547	-127.741798
19458.9844	-127.813515
19461.9141	-128.858261
19464.8438	-126.084953
19467.7734	-136.826981
19470.7031	-136.699875
19473.6328	-146.185547
19476.5625	-131.323669
19479.4922	-132.389465
19482.4219	-139.300385
19485.3516	-139.383194
19488.2812	-145.338196
19491.2109	-132.785843
19494.1406	-136.539749
19497.0703	-129.145691
19500.0000	-123.877357
19502.9297	-135.670502
19505.8594	-130.729141
19508.7891	-135.294357
19511.7188	-132.761368
19514.6484	-135.749130
19517.5781	-133.458008
19520.5078	-135.041595
19523.4375	-138.898972
19526.3672	-140.763550
19529.2969	-138.289230
19532.2266	-133.843628
19535.1562	-130.141785
19538.0859	-129.493805
19541.0156	-130.994751
19543.9453	-133.941162
19546.8750	-138.202225
19549.8047	-137.222519
19552.7344	-131.549545
19555.6641	-128.769592
19558.5938	-124.830284
19561.5234	-132.332016
19564.4531	-129.517685
19567.3828	-133.450882
19570.3125	-151.164505
19573.2422	-133.257385
19576.1719	-145.075378
19579.1016	-130.338760
19582.0312	-138.995697
19584.9609	-142.023651
19587.8906	-147.100540
19590.8203	-130.434479
19593.7500	-126.812408
19596.6797	-126.926010
19599.6094	-128.585602
19602.5391	-136.175690
19605.4688	-131.717590
19608.3984	-133.778473
19611.3281	-132.772110
19614.2578	-134.250763
19617.1875	-140.138733
19620.1172	-145.027786
19623.0469	-138.141937
19625.9766	-138.558838
19628.9062	-137.410828
19631.8359	-149.943451
19634.7656	-134.606369
19637.6953	-139.072205
19640.6250	-140.885254
19643.5547	-137.127823
19646.4844	-136.668610
19649.4141	-131.280563
19652.3438	-132.510742
19655.2734	-146.548904
19658.2031	-140.274734
19661.1328	-148.020584
19664.0625	-149.500809
19666.9922	-147.926544
19669.9219	-144.600647
19672.8516	-132.699951
19675.7812	-136.775360
19678.7109	-127.165329
19681.6406	-125.283920
19684.5703	-125.700584
19687.5000	-128.239655
19690.4297	-132.587311
19693.3594	-129.758987
19696.2891	-128.220169
19699.2188	-129.011917
19702.1484	-136.431259
19705.0781	-154.393723
19708.0078	-141.231461
19710.9375	-141.799744
19713.8672	-143.033173
19716.7969	-140.361252
19719.7266	-135.218430
19722.6562	-143.120422
19725.5859	-131.793564
19728.5156	-133.263794
19731.4453	-135.070709
19734.3750	-131.951279
19737.3047	-128.485291
19740.2344	-129.286057
19743.1641	-135.361816
19746.0938	-133.655426
19749.0234	-127.170319
19751.9531	-128.316208
19754.8828	-131.646393
19757.8125	-135.517105
19760.7422	-133.123245
19763.6719	-129.236786
19766.6016	-134.718903
19769.5312	-128.326492
19772.4609	-123.897720
19775.3906	-125.417946
19778.3203	-126.653801
19781.2500	-132.378677
19784.1797	-133.665085
19787.1094	-133.925629
19790.0391	-132.984161
19792.9688	-132.541946
19795.8984	-128.978043
19798.8281	-122.398674
19801.7578	-130.370468
19804.6875	-127.842880
19807.6172	-132.231049
19810.5469	-132.064255
19813.4766	-154.067322
19816.4062	-138.906754
19819.3359	-138.527222
19822.2656	-138.261551
19825.1953	-143.581177
19828.1250	-132.823349
19831.0547	-129.427628
19833.9844	-131.750992
19836.9141	-133.406860
19839.8438	-133.005402
19842.7734	-136.792603
19845.7031	-126.750069
19848.6328	-132.618820
19851.5625	-136.688904
19854.4922	-152.624924
19857.4219	-135.358307
19860.3516	-138.949188
19863.2812	-141.984238
19866.2109	-127.490517
19869.1406	-124.124748
19872.0703	-127.600311
19875.0000	-132.066803
19877.9297	-128.624893
19880.8594	-126.947342
19883.7891	-132.023285
19886.7188	-135.577011
19889.6484	-131.997986
19892.5781	-130.166428
19895.5078	-127.667839
19898.4375	-127.612701
19901.3672	-128.154724
19904.2969	-132.134277
19907.2266	-129.736664
19910.1562	-134.855972
19913.0859	-132.770325
19916.0156	-135.201233
19918.9453	-128.917740
19921.8750	-125.378296
19924.8047	-133.366760
19927.7344	-141.769882
19930.6641	-128.057693
19933.5938	-128.547195
19936.5234	-133.267517
19939.4531	-135.259171
19942.3828	-150.356033
19945.3125	-138.862915
19948.2422	-132.123093
19951.1719	-130.410690
19954.1016	-126.536659
19957.0312	-126.123009
19959.9609	-128.311584
19962.8906	-142.010895
19965.8203	-138.662231
19968.7500	-131.043671
19971.6797	-129.840958
19974.6094	-132.090195
19977.5391	-127.242622
19980.4688	-129.003601
19983.3984	-137.229126
19986.3281	-132.196228
19989.2578	-132.106384
19992.1875	-135.880051
19995.1172	-134.117386
19998.0469	-134.918671
20000.9766	-126.499214
20003.9062	-126.654549
20006.8359	-131.363663
20009.7656	-142.666306
20012.6953	-133.925201
20015.6250	-132.838348
20018.5547	-131.023102
20021.4844	-142.462860
20024.4141	-128.312225
20027.3438	-125.687065
20030.2734	-126.181686
20033.2031	-130.478500
20036.1328	-129.211578
20039.0625	-131.673721
20041.9922	-128.116302
20044.9219	-126.873558
20047.8516	-134.748856
20050.7812	-135.498856
20053.7109	-131.763443
20056.6406	-128.464996
20059.5703	-131.983551
20062.5000	-130.177078
20065.4297	-132.115585
20068.3594	-138.001160
20071.2891	-143.918198
20074.2188	-133.731461
20077.1484	-131.300949
20080.0781	-139.133606
20083.0078	-145.241379
20085.9375	-139.279297
20088.8672	-133.791016
20091.7969	-130.635620
20094.7266	-130.600342
20097.6562	-123.830154
20100.5859	-121.434708
20103.5156	-125.626778
20106.4453	-131.013428
20109.3750	-132.090942
20112.3047	-135.746399
20115.2344	-137.332703
20118.1641	-133.539139
20121.0938	-133.218872
20124.0234	-139.050964
20126.9531	-140.900085
20129.8828	-135.877411
20132.8125	-130.281311
20135.7422	-128.585220
20138.6719	-139.676010
20141.6016	-138.185776
20144.5312	-139.137115
20147.4609	-130.963577
20150.3906	-125.572838
20153.3203	-125.272697
20156.2500	-129.636795
20159.1797	-129.575623
20162.1094	-127.277946
20165.0391	-127.346893
20167.9688	-134.611542
20170.8984	-132.147812
20173.8281	-134.151337
20176.7578	-141.135880
20179.6875	-137.400040
20182.6172	-131.810410
20185.5469	-133.529648
20188.4766	-130.836334
20191.4062	-129.678955
20194.3359	-142.284180
20197.2656	-133.542526
20200.1953	-132.243408
20203.1250	-145.974991
20206.0547	-131.829010
20208.9844	-142.744293
20211.9141	-133.187286
20214.8438	-133.239014
20217.7734	-135.026321
20220.7031	-141.707428
20223.6328	-141.869064
20226.5625	-142.287216
20229.4922	-147.973328
20232.4219	-137.438965
20235.3516	-144.378937
20238.2812	-146.116852
20241.2109	-131.196991
20244.1406	-130.371506
20247.0703	-155.152954
20250.0000	-136.001465
20252.9297	-132.117294
20255.8594	-128.232773
20258.7891	-136.941666
20261.7188	-134.104965
20264.6484	-136.586563
20267.5781	-137.411133
20270.5078	-134.455444
20273.4375	-134.849121
20276.3672	-139.865555
20279.2969	-140.261841
20282.2266	-134.085114
20285.1562	-136.076401
20288.0859	-135.223740
20291.0156	-130.883804
20293.9453	-132.522766
20296.8750	-134.045975
20299.8047	-131.502960
20302.7344	-129.642746
20305.6641	-131.192657
20308.5938	-129.990646
20311.5234	-139.476608
20314.4531	-135.006790
20317.3828	-133.167572
20320.3125	-140.018738
20323.2422	-137.756989
20326.1719	-130.561371
20329.1016	-132.734177
20332.0312	-145.544418
20334.9609	-134.936066
20337.8906	-134.623169
20340.8203	-134.271454
20343.7500	-132.996109
20346.6797	-135.157455
20349.6094	-147.217331
20352.5391	-134.838913
20355.4688	-127.369194
20358.3984	-128.809799
20361.3281	-147.720383
20364.2578	-138.495300
20367.1875	-138.324722
20370.1172	-139.478714
20373.0469	-134.218231
20375.9766	-141.469193
20378.9062	-135.678986
20381.8359	-142.220627
20384.7656	-138.897644
20387.6953	-139.717560
20390.6250	-134.869614
20393.5547	-129.567276
20396.4844	-127.785416
20399.4141	-129.751404
20402.3438	-133.472427
20405.2734	-135.702209
20408.2031	-132.976990
20411.1328	-134.988037
20414.0625	-135.638397
20416.9922	-134.477386
20419.9219	-132.982376
20422.8516	-133.344086
20425.7812	-136.522736
20428.7109	-149.619675
20431.6406	-130.698975
20434.5703	-129.626404
20437.5000	-130.506577
20440.4297	-129.025436
20443.3594	-131.473923
20446.2891	-131.415817
20449.2188	-130.645218
20452.1484	-131.357758
20455.0781	-140.636703
20458.0078	-129.393845
20460.9375	-127.030785
20463.8672	-130.902634
20466.7969	-132.946167
20469.7266	-131.663177
20472.6562	-130.022385
20475.5859	-126.254509
20478.5156	-127.352386
20481.4453	-132.887741
20484.3750	-147.683640
20487.3047	-132.530609
20490.2344	-128.307922
20493.1641	-128.415405
20496.0938	-128.282318
20499.0234	-120.076523
20501.9531	-122.207947
20504.8828	-129.474014
20507.8125	-136.203506
20510.7422	-131.726898
20513.6719	-130.255203
20516.6016	-137.412125
20519.5312	-139.461380
20522.4609	-135.336304
20525.3906	-130.395706
20528.3203	-128.849487
20531.2500	-129.619080
20534.1797	-128.403580
20537.1094	-126.194641
20540.0391	-124.996086
20542.9688	-135.298859
20545.8984	-127.238976
20548.8281	-126.852264
20551.7578	-133.632065
20554.6875	-144.339767
20557.6172	-131.280777
20560.5469	-124.791222
20563.4766	-122.122635
20566.4062	-135.486649
20569.3359	-125.151474
20572.2656	-124.000641
20575.1953	-130.876160
20578.1250	-128.430145
20581.0547	-128.393127
20583.9844	-126.348793
20586.9141	-124.542854
20589.8438	-122.333656
20592.7734	-118.552582
20595.7031	-111.852539
20598.6328	-104.678215
20601.5625	-107.478333
20604.4922	-119.732132
20607.4219	-121.055267
20610.3516	-128.224762
20613.2812	-112.903084
20616.2109	-116.340714
20619.1406	-120.918991
20622.0703	-116.945992
20625.0000	-110.332932
20627.9297	-107.511421
20630.8594	-106.956833
20633.7891	-118.910614
20636.7188	-118.638290
20639.6484	-102.607315
20642.5781	-105.875511
20645.5078	-106.221046
20648.4375	-98.838379
20651.3672	-100.329811
20654.2969	-108.701637
20657.2266	-105.064308
20660.1562	-107.979927
20663.0859	-109.203888
20666.0156	-115.714142
20668.9453	-109.844757
20671.8750	-110.196281
20674.8047	-125.115967
20677.7344	-123.221939
20680.6641	-118.537689
20683.5938	-116.263397
20686.5234	-121.330025
20689.4531	-113.688576
20692.3828	-111.180908
20695.3125	-116.813805
20698.2422	-108.230095
20701.1719	-108.944290
20704.1016	-128.159836
20707.0312	-117.768730
20709.9609	-115.275406
20712.8906	-120.878433
20715.8203	-123.125893
20718.7500	-131.971756
20721.6797	-121.434105
20724.6094	-119.927544
20727.5391	-123.965790
20730.4688	-119.471237
20733.3984	-119.004341
20736.3281	-127.590988
20739.2578	-130.580566
20742.1875	-132.139252
20745.1172	-133.858078
20748.0469	-119.620506
20750.9766	-115.779793
20753.9062	-123.389297
20756.8359	-124.426735
20759.7656	-129.660248
20762.6953	-126.169426
20765.6250	-130.961182
20768.5547	-119.207222
20771.4844	-119.352798
20774.4141	-121.132286
20777.3438	-124.884926
20780.2734	-126.973877
20783.2031	-123.731285
20786.1328	-131.682419
20789.0625	-125.358437
20791.9922	-132.600815
20794.9219	-130.685165
20797.8516	-112.427223
20800.7812	-112.687119
20803.7109	-125.725533
20806.6406	-119.080566
20809.5703	-117.707573
20812.5000	-121.513321
20815.4297	-123.127167
20818.3594	-127.053070
20821.2891	-132.771408
20824.2188	-126.835350
20827.1484	-135.871735
20830.0781	-138.763138
20833.0078	-125.368286
20835.9375	-127.332161
20838.8672	-132.039703
20841.7969	-129.594635
20844.7266	-128.593933
20847.6562	-122.290085
20850.5859	-118.259811
20853.5156	-127.405846
20856.4453	-134.755157
20859.3750	-138.764694
20862.3047	-129.137604
20865.2344	-131.364380
20868.1641	-129.219742
20871.0938	-125.008064
20874.0234	-135.169220
20876.9531	-131.370163
20879.8828	-128.603790
20882.8125	-130.712158
20885.7422	-128.029984
20888.6719	-127.365135
20891.6016	-123.223404
20894.5312	-126.523117
20897.4609	-123.606819
20900.3906	-118.148987
20903.3203	-125.003548
20906.2500	-126.293289
20909.1797	-124.800652
20912.1094	-126.918709
20915.0391	-138.863098
20917.9688	-130.395325
20920.8984	-141.646591
20923.8281	-131.737045
20926.7578	-133.597046
20929.6875	-129.246765
20932.6172	-126.997925
20935.5469	-134.811661
20938.4766	-124.306366
20941.4062	-131.443665
20944.3359	-129.779526
20947.2656	-122.783119
20950.1953	-119.145462
20953.1250	-121.425766
20956.0547	-129.090317
20958.9844	-140.002274
20961.9141	-127.330009
20964.8438	-128.493332
20967.7734	-147.912582
20970.7031	-125.908806
20973.6328	-125.233597
20976.5625	-131.203644
20979.4922	-133.778046
20982.4219	-127.069748
20985.3516	-128.136124
20988.2812	-123.634544
20991.2109	-119.486732
20994.1406	-124.649765
20997.0703	-118.763405
21000.0000	-116.058899
21002.9297	-124.803268
21005.8594	-122.806450
21008.7891	-124.323875
21011.7188	-132.886444
21014.6484	-134.892700
21017.5781	-130.417953
21020.5078	-129.727890
21023.4375	-136.537094
21026.3672	-133.465652
21029.2969	-129.296387
21032.2266	-130.349396
21035.1562	-136.339294
21038.0859	-127.129944
21041.0156	-122.394753
21043.9453	-128.728745
21046.8750	-123.110985
21049.8047	-118.347343
21052.7344	-128.707947
21055.6641	-133.503891
21058.5938	-132.732819
21061.5234	-129.753128
21064.4531	-131.007233
21067.3828	-127.138611
21070.3125	-134.483246
21073.2422	-126.931274
21076.1719	-131.204330
21079.1016	-129.587494
21082.0312	-129.624466
21084.9609	-130.376266
21087.8906	-125.737411
21090.8203	-123.796112
21093.7500	-135.240295
21096.6797	-121.126175
21099.6094	-117.436806
21102.5391	-123.449936
21105.4688	-125.047180
21108.3984	-124.698051
21111.3281	-136.214172
21114.2578	-134.627548
21117.1875	-130.106949
21120.1172	-129.310715
21123.0469	-133.251465
21125.9766	-144.050232
21128.9062	-127.302757
21131.8359	-125.692902
21134.7656	-133.738678
21137.6953	-130.269455
21140.6250	-125.708405
21143.5547	-135.720856
21146.4844	-125.762680
21149.4141	-119.462837
21152.3438	-127.410263
21155.2734	-131.954910
21158.2031	-141.859695
21161.1328	-137.767349
21164.0625	-126.808327
21166.9922	-127.380974
21169.9219	-138.519501
21172.8516	-133.786545
21175.7812	-133.740204
21178.7109	-141.288315
21181.6406	-138.387680
21184.5703	-130.087692
21187.5000	-130.135498
21190.4297	-135.218735
21193.3594	-125.894051
21196.2891	-122.350861
21199.2188	-117.513634
21202.1484	-122.692780
21205.0781	-143.389404
21208.0078	-131.685501
21210.9375	-133.572922
21213.8672	-136.189346
21216.7969	-127.913239
21219.7266	-129.573532
21222.6562	-127.981117
21225.5859	-135.887466
21228.5156	-133.682968
21231.4453	-134.342682
21234.3750	-132.058044
21237.3047	-148.230453
21240.2344	-133.369873
21243.1641	-131.599075
21246.0938	-132.116440
21249.0234	-125.232262
21251.9531	-127.538338
21254.8828	-133.911087
21257.8125	-136.724762
21260.7422	-130.316391
21263.6719	-129.163345
21266.6016	-135.172867
21269.5312	-129.736526
21272.4609	-125.247917
21275.3906	-128.881912
21278.3203	-129.117828
21281.2500	-127.750832
21284.1797	-127.842491
21287.1094	-133.891983
21290.0391	-129.109100
21292.9688	-123.532967
21295.8984	-132.526474
21298.8281	-122.894203
21301.7578	-123.859642
21304.6875	-129.673508
21307.6172	-125.078514
21310.5469	-126.005898
21313.4766	-135.228165
21316.4062	-134.092361
21319.3359	-134.838074
21322.2656	-132.550827
21325.1953	-128.862610
21328.1250	-126.182457
21331.0547	-125.889427
21333.9844	-128.818039
21336.9141	-122.650826
21339.8438	-120.733337
21342.7734	-123.894730
21345.7031	-136.331940
21348.6328	-136.637405
21351.5625	-135.163300
21354.4922	-148.333191
21357.4219	-129.803391
21360.3516	-130.193588
21363.2812	-138.602493
21366.2109	-135.695923
21369.1406	-127.703926
21372.0703	-132.308243
21375.0000	-136.690033
21377.9297	-129.648148
21380.8594	-128.016464
21383.7891	-127.855827
21386.7188	-130.162888
21389.6484	-133.143921
21392.5781	-125.625023
21395.5078	-124.659729
21398.4375	-122.253685
21401.3672	-124.968483
21404.2969	-129.658478
21407.2266	-132.219559
21410.1562	-133.128525
21413.0859	-132.203033
21416.0156	-143.840851
21418.9453	-134.047607
21421.8750	-132.036438
21424.8047	-129.703735
21427.7344	-142.210510
21430.6641	-136.198456
21433.5938	-127.658081
21436.5234	-125.130508
21439.4531	-123.388145
21442.3828	-125.825226
21445.3125	-131.789124
21448.2422	-125.573151
21451.1719	-126.317314
21454.1016	-128.365646
21457.0312	-126.879509
21459.9609	-128.911484
21462.8906	-124.683403
21465.8203	-126.709068
21468.7500	-130.564758
21471.6797	-131.791763
21474.6094	-125.437653
21477.5391	-130.504211
21480.4688	-139.588028
21483.3984	-127.542229
21486.3281	-128.522064
21489.2578	-130.492813
21492.1875	-155.508820
21495.1172	-128.084824
21498.0469	-120.939568
21500.9766	-120.363548
21503.9062	-126.467300
21506.8359	-138.124344
21509.7656	-136.724030
21512.6953	-128.593796
21515.6250	-126.050339
21518.5547	-127.531784
21521.4844	-128.489197
21524.4141	-130.194672
21527.3438	-132.980865
21530.2734	-131.038055
21533.2031	-129.221786
21536.1328	-134.141052
21539.0625	-125.833145
21541.9922	-124.863998
21544.9219	-135.964981
21547.8516	-135.524017
21550.7812	-141.534439
21553.7109	-130.337845
21556.6406	-126.634178
21559.5703	-128.062714
21562.5000	-135.019577
21565.4297	-134.830734
21568.3594	-135.978058
21571.2891	-127.152351
21574.2188	-129.748199
21577.1484	-144.835159
21580.0781	-135.496796
21583.0078	-128.385559
21585.9375	-129.018036
21588.8672	-135.351562
21591.7969	-131.923996
21594.7266	-130.177170
21597.6562	-127.197670
21600.5859	-123.889107
21603.5156	-127.852455
21606.4453	-130.983658
21609.3750	-128.161743
21612.3047	-133.605560
21615.2344	-137.528305
21618.1641	-129.602295
21621.0938	-126.166473
21624.0234	-133.104660
21626.9531	-133.322372
21629.8828	-136.609497
21632.8125	-150.083130
21635.7422	-140.765167
21638.6719	-143.512054
21641.6016	-132.987000
21644.5312	-137.143097
21647.4609	-127.196152
21650.3906	-122.181000
21653.3203	-125.060753
21656.2500	-129.037994
21659.1797	-137.759903
21662.1094	-142.718353
21665.0391	-134.091553
21667.9688	-129.215500
21670.8984	-127.381355
21673.8281	-130.295120
21676.7578	-136.959259
21679.6875	-132.569901
21682.6172	-139.728622
21685.5469	-130.589783
21688.4766	-126.980186
21691.4062	-135.359512
21694.3359	-133.569412
21697.2656	-127.355713
21700.1953	-120.362045
21703.1250	-127.102562
21706.0547	-135.669785
21708.9844	-130.119751
21711.9141	-128.107025
21714.8438	-128.815506
21717.7734	-130.294250
21720.7031	-129.876312
21723.6328	-133.064804
21726.5625	-135.023209
21729.4922	-129.787430
21732.4219	-126.546738
21735.3516	-124.798012
21738.2812	-123.004791
21741.2109	-125.708603
21744.1406	-138.397079
21747.0703	-131.506882
21750.0000	-133.859299
21752.9297	-131.829239
21755.8594	-127.192375
21758.7891	-132.121124
21761.7188	-128.078568
21764.6484	-125.371422
21767.5781	-127.196800
21770.5078	-130.769455
21773.4375	-133.272720
21776.3672	-131.078247
21779.2969	-153.484909
21782.2266	-137.553955
21785.1562	-136.121704
21788.0859	-134.955963
21791.0156	-132.636581
21793.9453	-127.583961
21796.8750	-126.541466
21799.8047	-123.137321
21802.7344	-129.216278
21805.6641	-136.255341
21808.5938	-128.984268
21811.5234	-133.817871
21814.4531	-135.545792
21817.3828	-130.745987
21820.3125	-132.321548
21823.2422	-151.771011
21826.1719	-146.480728
21829.1016	-127.579987
21832.0312	-127.730705
21834.9609	-147.049255
21837.8906	-136.938950
21840.8203	-125.136597
21843.7500	-128.561249
21846.6797	-128.018326
21849.6094	-123.821762
21852.5391	-128.098480
21855.4688	-127.253525
21858.3984	-122.788589
21861.3281	-125.373695
21864.2578	-133.199890
21867.1875	-137.297989
21870.1172	-141.855957
21873.0469	-130.139618
21875.9766	-129.707962
21878.9062	-139.624374
21881.8359	-142.229630
21884.7656	-135.493607
21887.6953	-139.935699
21890.6250	-128.484146
21893.5547	-132.403992
21896.4844	-134.323471
21899.4141	-121.855400
21902.3438	-125.377457
21905.2734	-130.204453
21908.2031	-133.300613
21911.1328	-128.143890
21914.0625	-128.820679
21916.9922	-132.176117
21919.9219	-135.098740
21922.8516	-138.314270
21925.7812	-134.274292
21928.7109	-130.218384
21931.6406	-130.987122
21934.5703	-130.135132
21937.5000	-138.090652
21940.4297	-133.251770
21943.3594	-139.592346
21946.2891	-132.527359
21949.2188	-126.929588
21952.1484	-135.309250
21955.0781	-134.585022
21958.0078	-138.292801
21960.9375	-135.598129
21963.8672	-130.799225
21966.7969	-131.198425
21969.7266	-126.887398
21972.6562	-128.024933
21975.5859	-134.340073
21978.5156	-133.941788
21981.4453	-133.298462
21984.3750	-143.825317
21987.3047	-131.334030
21990.2344	-128.547806
21993.1641	-129.923767
21996.0938	-133.711105
21999.0234	-133.000656
22001.9531	-144.865494
22004.8828	-129.182007
22007.8125	-127.491928
22010.7422	-132.689438
22013.6719	-136.132980
22016.6016	-126.388008
22019.5312	-125.426109
22022.4609	-126.364059
22025.3906	-130.941895
22028.3203	-134.951538
22031.2500	-132.746811
22034.1797	-132.165344
22037.1094	-137.954590
22040.0391	-131.874100
22042.9688	-129.709274
22045.8984	-140.259003
22048.8281	-132.454483
22051.7578	-135.897141
22054.6875	-135.658569
22057.6172	-125.542625
22060.5469	-124.246002
22063.4766	-133.837234
22066.4062	-126.161934
22069.3359	-128.181061
22072.2656	-131.566498
22075.1953	-128.397400
22078.1250	-127.199554
22081.0547	-128.031586
22083.9844	-143.017792
22086.9141	-131.984756
22089.8438	-134.236450
22092.7734	-125.903915
22095.7031	-130.247498
22098.6328	-127.286819
22101.5625	-132.598892
22104.4922	-134.154236
22107.4219	-131.125076
22110.3516	-133.809021
22113.2812	-128.424576
22116.2109	-136.744843
22119.1406	-132.995911
22122.0703	-129.967758
22125.0000	-128.583557
22127.9297	-127.287544
22130.8594	-132.477844
22133.7891	-139.505112
22136.7188	-137.199203
22139.6484	-129.417938
22142.5781	-133.347336
22145.5078	-134.409927
22148.4375	-129.422623
22151.3672	-130.188629
22154.2969	-133.586044
22157.2266	-139.020386
22160.1562	-138.617706
22163.0859	-131.993210
22166.0156	-128.450470
22168.9453	-129.084427
22171.8750	-130.273651
22174.8047	-124.730225
22177.7344	-127.689537
22180.6641	-127.039330
22183.5938	-126.878960
22186.5234	-128.039871
22189.4531	-127.802940
22192.3828	-131.945953
22195.3125	-127.760490
22198.2422	-135.704514
22201.1719	-135.368484
22204.1016	-138.906891
22207.0312	-128.262436
22209.9609	-126.545708
22212.8906	-131.498291
22215.8203	-138.391983
22218.7500	-135.587265
22221.6797	-132.838699
22224.6094	-129.010300
22227.5391	-127.027428
22230.4688	-131.592499
22233.3984	-139.176697
22236.3281	-137.943008
22239.2578	-137.637222
22242.1875	-136.172867
22245.1172	-136.357651
22248.0469	-130.964401
22250.9766	-128.996902
22253.9062	-135.401993
22256.8359	-133.279144
22259.7656	-134.037949
22262.6953	-131.670853
22265.6250	-141.852188
22268.5547	-133.402924
22271.4844	-144.081635
22274.4141	-136.898315
22277.3438	-142.650864
22280.2734	-144.122238
22283.2031	-131.507629
22286.1328	-131.788818
22289.0625	-134.822876
22291.9922	-127.841087
22294.9219	-131.843430
22297.8516	-126.982765
22300.7812	-123.887215
22303.7109	-129.997131
22306.6406	-163.185120
22309.5703	-136.443512
22312.5000	-135.052094
22315.4297	-136.098770
22318.3594	-132.004608
22321.2891	-136.019470
22324.2188	-135.946777
22327.1484	-132.423294
22330.0781	-146.352600
22333.0078	-140.301880
22335.9375	-135.209396
22338.8672	-127.810600
22341.7969	-127.469025
22344.7266	-129.104218
22347.6562	-132.436646
22350.5859	-130.034088
22353.5156	-140.388504
22356.4453	-132.033630
22359.3750	-136.200806
22362.3047	-132.344086
22365.2344	-127.408058
22368.1641	-134.062775
22371.0938	-134.600769
22374.0234	-133.893875
22376.9531	-130.949463
22379.8828	-135.785553
22382.8125	-131.809692
22385.7422	-134.798187
22388.6719	-138.301041
22391.6016	-138.721207
22394.5312	-128.662048
22397.4609	-124.229851
22400.3906	-130.946381
22403.3203	-135.234772
22406.2500	-135.689667
22409.1797	-144.116379
22412.1094	-137.466324
22415.0391	-133.351639
22417.9688	-131.018738
22420.8984	-135.864212
22423.8281	-134.317398
22426.7578	-130.725906
22429.6875	-132.051788
22432.6172	-130.278214
22435.5469	-130.806885
22438.4766	-130.893814
22441.4062	-139.492722
22444.3359	-131.145432
22447.2656	-134.054825
22450.1953	-126.745529
22453.1250	-129.951965
22456.0547	-135.967392
22458.9844	-133.589355
22461.9141	-130.612946
22464.8438	-146.723785
22467.7734	-133.173553
22470.7031	-130.746872
22473.6328	-130.870148
22476.5625	-129.126663
22479.4922	-126.871628
22482.4219	-129.782150
22485.3516	-132.841080
22488.2812	-130.965561
22491.2109	-135.621872
22494.1406	-139.303497
22497.0703	-134.545593
