;Freq(Hz)	Relative Amplitude (dB): Left
17961.9141	-79.246681
17964.8438	-79.237770
17967.7734	-79.236244
17970.7031	-79.261879
17973.6328	-79.287445
17976.5625	-79.293182
17979.4922	-79.286186
17982.4219	-79.304733
17985.3516	-79.333931
17988.2812	-79.346169
17991.2109	-79.338257
17994.1406	-79.330544
17997.0703	-79.328224
18000.0000	-79.316002
18002.9297	-79.319695
18005.8594	-79.324776
18008.7891	-79.322182
18011.7188	-79.322708
18014.6484	-79.314186
18017.5781	-79.315605
18020.5078	-79.330177
18023.4375	-79.335274
18026.3672	-79.333183
18029.2969	-79.338814
18032.2266	-79.356674
18035.1562	-79.374390
18038.0859	-79.379807
18041.0156	-79.376480
18043.9453	-79.377571
18046.8750	-79.370377
18049.8047	-79.359627
18052.7344	-79.369675
18055.6641	-79.383423
18058.5938	-79.383995
18061.5234	-79.388756
18064.4531	-79.408295
18067.3828	-79.409119
18070.3125	-79.394127
18073.2422	-79.410080
18076.1719	-79.438072
18079.1016	-79.433823
18082.0312	-79.421112
18084.9609	-79.425636
18087.8906	-79.442863
18090.8203	-79.461044
18093.7500	-79.468925
18096.6797	-79.479729
18099.6094	-79.498238
18102.5391	-79.509567
18105.4688	-79.506279
18108.3984	-79.499161
18111.3281	-79.512245
18114.2578	-79.540367
18117.1875	-79.545418
18120.1172	-79.529076
18123.0469	-79.529587
18125.9766	-79.542900
18128.9062	-79.542397
18131.8359	-79.550949
18134.7656	-79.569405
18137.6953	-79.568405
18140.6250	-79.563492
18143.5547	-79.575195
18146.4844	-79.590126
18149.4141	-79.590172
18152.3438	-79.589348
18155.2734	-79.597481
18158.2031	-79.602859
18161.1328	-79.612175
18164.0625	-79.629379
18166.9922	-79.625946
18169.9219	-79.613403
18172.8516	-79.611671
18175.7812	-79.624237
18178.7109	-79.649460
18181.6406	-79.657242
18184.5703	-79.649925
18187.5000	-79.646210
18190.4297	-79.662804
18193.3594	-79.699615
18196.2891	-79.718559
18199.2188	-79.725372
18202.1484	-79.744385
18205.0781	-79.755234
18208.0078	-79.755051
18210.9375	-79.751251
18213.8672	-79.762711
18216.7969	-79.790207
18219.7266	-79.803604
18222.6562	-79.810051
18225.5859	-79.809029
18228.5156	-79.801430
18231.4453	-79.811485
18234.3750	-79.830475
18237.3047	-79.837067
18240.2344	-79.845047
18243.1641	-79.864380
18246.0938	-79.885330
18249.0234	-79.897934
18251.9531	-79.896172
18254.8828	-79.903992
18257.8125	-79.922676
18260.7422	-79.919365
18263.6719	-79.912201
18266.6016	-79.913055
18269.5312	-79.900848
18272.4609	-79.890366
18275.3906	-79.903442
18278.3203	-79.917099
18281.2500	-79.918831
18284.1797	-79.911713
18287.1094	-79.911102
18290.0391	-79.915993
18292.9688	-79.933060
18295.8984	-79.958588
18298.8281	-79.941109
18301.7578	-79.933044
18304.6875	-79.960953
18307.6172	-79.967018
18310.5469	-79.963364
18313.4766	-79.963272
18316.4062	-79.972275
18319.3359	-79.997543
18322.2656	-80.005341
18325.1953	-80.007057
18328.1250	-80.015312
18331.0547	-80.016754
18333.9844	-80.017029
18336.9141	-80.017647
18339.8438	-80.036446
18342.7734	-80.069160
18345.7031	-80.087502
18348.6328	-80.082031
18351.5625	-80.077866
18354.4922	-80.094772
18357.4219	-80.096786
18360.3516	-80.085274
18363.2812	-80.089409
18366.2109	-80.101532
18369.1406	-80.120163
18372.0703	-80.144066
18375.0000	-80.171234
18377.9297	-80.185272
18380.8594	-80.164124
18383.7891	-80.151047
18386.7188	-80.184845
18389.6484	-80.212364
18392.5781	-80.194923
18395.5078	-80.172974
18398.4375	-80.171516
18401.3672	-80.181755
18404.2969	-80.202812
18407.2266	-80.212669
18410.1562	-80.207077
18413.0859	-80.215569
18416.0156	-80.230385
18418.9453	-80.238518
18421.8750	-80.252426
18424.8047	-80.269844
18427.7344	-80.287888
18430.6641	-80.297478
18433.5938	-80.302895
18436.5234	-80.312782
18439.4531	-80.304596
18442.3828	-80.304405
18445.3125	-80.318825
18448.2422	-80.314407
18451.1719	-80.319031
18454.1016	-80.342079
18457.0312	-80.358559
18459.9609	-80.383209
18462.8906	-80.403091
18465.8203	-80.406166
18468.7500	-80.419510
18471.6797	-80.434624
18474.6094	-80.442001
18477.5391	-80.450066
18480.4688	-80.459885
18483.3984	-80.472237
18486.3281	-80.475533
18489.2578	-80.477112
18492.1875	-80.497231
18495.1172	-80.517448
18498.0469	-80.523186
18500.9766	-80.534485
18503.9062	-80.576630
18506.8359	-80.596237
18509.7656	-80.580627
18512.6953	-80.574257
18515.6250	-80.583710
18518.5547	-80.592529
18521.4844	-80.587769
18524.4141	-80.603241
18527.3438	-80.622139
18530.2734	-80.608505
18533.2031	-80.594002
18536.1328	-80.614594
18539.0625	-80.638077
18541.9922	-80.628502
18544.9219	-80.623528
18547.8516	-80.640198
18550.7812	-80.649277
18553.7109	-80.646492
18556.6406	-80.651741
18559.5703	-80.665466
18562.5000	-80.688255
18565.4297	-80.696754
18568.3594	-80.677681
18571.2891	-80.682091
18574.2188	-80.707291
18577.1484	-80.728516
18580.0781	-80.737556
18583.0078	-80.729195
18585.9375	-80.730339
18588.8672	-80.746101
18591.7969	-80.768661
18594.7266	-80.786469
18597.6562	-80.791954
18600.5859	-80.795204
18603.5156	-80.801216
18606.4453	-80.805748
18609.3750	-80.815254
18612.3047	-80.844727
18615.2344	-80.869743
18618.1641	-80.879944
18621.0938	-80.884331
18624.0234	-80.885178
18626.9531	-80.893364
18629.8828	-80.898537
18632.8125	-80.907875
18635.7422	-80.931984
18638.6719	-80.945496
18641.6016	-80.937103
18644.5312	-80.929001
18647.4609	-80.948029
18650.3906	-80.975166
18653.3203	-80.986160
18656.2500	-81.000664
18659.1797	-81.001053
18662.1094	-80.990105
18665.0391	-81.003067
18667.9688	-81.014305
18670.8984	-81.007668
18673.8281	-81.025116
18676.7578	-81.043205
18679.6875	-81.038963
18682.6172	-81.043610
18685.5469	-81.071983
18688.4766	-81.092110
18691.4062	-81.105995
18694.3359	-81.128395
18697.2656	-81.135460
18700.1953	-81.141701
18703.1250	-81.151894
18706.0547	-81.162064
18708.9844	-81.165512
18711.9141	-81.183434
18714.8438	-81.226151
18717.7734	-81.227028
18720.7031	-81.210526
18723.6328	-81.230957
18726.5625	-81.246986
18729.4922	-81.258789
18732.4219	-81.295273
18735.3516	-81.320084
18738.2812	-81.315346
18741.2109	-81.315315
18744.1406	-81.338989
18747.0703	-81.374413
18750.0000	-81.379875
18752.9297	-81.364182
18755.8594	-81.377579
18758.7891	-81.408699
18761.7188	-81.437401
18764.6484	-81.467575
18767.5781	-81.468918
18770.5078	-81.456345
18773.4375	-81.455154
18776.3672	-81.462547
18779.2969	-81.485641
18782.2266	-81.495804
18785.1562	-81.491020
18788.0859	-81.501694
18791.0156	-81.518066
18793.9453	-81.530365
18796.8750	-81.531227
18799.8047	-81.548080
18802.7344	-81.580559
18805.6641	-81.585167
18808.5938	-81.572746
18811.5234	-81.566849
18814.4531	-81.573532
18817.3828	-81.573586
18820.3125	-81.571205
18823.2422	-81.593971
18826.1719	-81.619591
18829.1016	-81.634071
18832.0312	-81.649414
18834.9609	-81.650688
18837.8906	-81.667625
18840.8203	-81.717888
18843.7500	-81.743835
18846.6797	-81.742973
18849.6094	-81.742455
18852.5391	-81.746979
18855.4688	-81.759354
18858.3984	-81.773697
18861.3281	-81.795792
18864.2578	-81.811691
18867.1875	-81.817757
18870.1172	-81.834961
18873.0469	-81.854393
18875.9766	-81.874718
18878.9062	-81.898621
18881.8359	-81.919403
18884.7656	-81.951462
18887.6953	-81.970497
18890.6250	-81.956322
18893.5547	-81.944145
18896.4844	-81.968506
18899.4141	-82.017166
18902.3438	-82.040794
18905.2734	-82.052338
18908.2031	-82.049919
18911.1328	-82.037544
18914.0625	-82.064362
18916.9922	-82.097069
18919.9219	-82.105209
18922.8516	-82.119263
18925.7812	-82.140915
18928.7109	-82.150879
18931.6406	-82.170372
18934.5703	-82.192032
18937.5000	-82.213539
18940.4297	-82.230339
18943.3594	-82.243828
18946.2891	-82.268608
18949.2188	-82.281616
18952.1484	-82.286507
18955.0781	-82.282883
18958.0078	-82.275200
18960.9375	-82.266960
18963.8672	-82.286919
18966.7969	-82.329636
18969.7266	-82.359039
18972.6562	-82.376160
18975.5859	-82.383499
18978.5156	-82.413719
18981.4453	-82.454628
18984.3750	-82.469383
18987.3047	-82.471359
18990.2344	-82.472618
18993.1641	-82.486053
18996.0938	-82.493797
18999.0234	-82.503502
19001.9531	-82.522148
19004.8828	-82.539436
19007.8125	-82.544388
19010.7422	-82.551140
19013.6719	-82.582596
19016.6016	-82.584816
19019.5312	-82.560432
19022.4609	-82.564087
19025.3906	-82.603981
19028.3203	-82.647621
19031.2500	-82.675110
19034.1797	-82.702705
19037.1094	-82.750938
19040.0391	-82.795113
19042.9688	-82.805557
19045.8984	-82.822243
19048.8281	-82.838799
19051.7578	-82.843452
19054.6875	-82.873688
19057.6172	-82.909248
19060.5469	-82.928062
19063.4766	-82.934708
19066.4062	-82.938766
19069.3359	-82.960358
19072.2656	-82.978569
19075.1953	-82.998634
19078.1250	-83.034180
19081.0547	-83.070435
19083.9844	-83.090820
19086.9141	-83.081375
19089.8438	-83.088493
19092.7734	-83.138565
19095.7031	-83.182899
19098.6328	-83.184532
19101.5625	-83.192596
19104.4922	-83.220642
19107.4219	-83.248016
19110.3516	-83.263870
19113.2812	-83.274727
19116.2109	-83.309006
19119.1406	-83.330742
19122.0703	-83.325378
19125.0000	-83.335297
19127.9297	-83.335632
19130.8594	-83.350456
19133.7891	-83.383034
19136.7188	-83.406090
19139.6484	-83.447342
19142.5781	-83.490593
19145.5078	-83.522842
19148.4375	-83.535988
19151.3672	-83.555199
19154.2969	-83.564224
19157.2266	-83.556999
19160.1562	-83.587700
19163.0859	-83.626144
19166.0156	-83.651199
19168.9453	-83.689438
19171.8750	-83.717133
19174.8047	-83.743950
19177.7344	-83.768158
19180.6641	-83.769653
19183.5938	-83.790520
19186.5234	-83.806519
19189.4531	-83.797905
19192.3828	-83.814507
19195.3125	-83.840004
19198.2422	-83.860481
19201.1719	-83.916565
19204.1016	-83.979218
19207.0312	-84.005898
19209.9609	-84.041344
19212.8906	-84.093689
19215.8203	-84.104637
19218.7500	-84.098724
19221.6797	-84.114067
19224.6094	-84.125458
19227.5391	-84.144653
19230.4688	-84.203087
19233.3984	-84.263519
19236.3281	-84.305824
19239.2578	-84.340034
19242.1875	-84.358589
19245.1172	-84.379234
19248.0469	-84.395157
19250.9766	-84.407806
19253.9062	-84.481529
19256.8359	-84.553703
19259.7656	-84.547684
19262.6953	-84.551804
19265.6250	-84.585602
19268.5547	-84.636497
19271.4844	-84.696602
19274.4141	-84.742821
19277.3438	-84.761314
19280.2734	-84.767311
19283.2031	-84.785858
19286.1328	-84.822243
19289.0625	-84.850060
19291.9922	-84.883720
19294.9219	-84.930267
19297.8516	-84.975525
19300.7812	-85.039421
19303.7109	-85.100548
19306.6406	-85.107468
19309.5703	-85.086067
19312.5000	-85.093811
19315.4297	-85.121803
19318.3594	-85.146248
19321.2891	-85.190704
19324.2188	-85.249001
19327.1484	-85.301163
19330.0781	-85.341240
19333.0078	-85.346443
19335.9375	-85.342941
19338.8672	-85.385551
19341.7969	-85.457619
19344.7266	-85.509651
19347.6562	-85.532822
19350.5859	-85.549927
19353.5156	-85.582520
19356.4453	-85.632553
19359.3750	-85.674591
19362.3047	-85.716248
19365.2344	-85.767212
19368.1641	-85.808632
19371.0938	-85.867149
19374.0234	-85.947227
19376.9531	-86.024727
19379.8828	-86.067787
19382.8125	-86.088249
19385.7422	-86.138069
19388.6719	-86.166275
19391.6016	-86.158150
19394.5312	-86.207413
19397.4609	-86.275063
19400.3906	-86.304634
19403.3203	-86.361618
19406.2500	-86.427010
19409.1797	-86.473206
19412.1094	-86.517914
19415.0391	-86.569191
19417.9688	-86.629524
19420.8984	-86.677910
19423.8281	-86.725914
19426.7578	-86.760147
19429.6875	-86.779480
19432.6172	-86.822998
19435.5469	-86.898407
19438.4766	-86.993950
19441.4062	-87.064499
19444.3359	-87.096054
19447.2656	-87.125801
19450.1953	-87.181114
19453.1250	-87.265999
19456.0547	-87.351006
19458.9844	-87.413628
19461.9141	-87.487442
19464.8438	-87.553093
19467.7734	-87.594093
19470.7031	-87.656013
19473.6328	-87.735634
19476.5625	-87.806389
19479.4922	-87.848595
19482.4219	-87.899704
19485.3516	-87.940536
19488.2812	-87.980362
19491.2109	-88.090187
19494.1406	-88.166016
19497.0703	-88.202209
19500.0000	-88.300331
19502.9297	-88.407196
19505.8594	-88.524178
19508.7891	-88.671745
19511.7188	-88.760582
19514.6484	-88.767715
19517.5781	-88.782227
19520.5078	-88.870987
19523.4375	-88.964859
19526.3672	-89.050911
19529.2969	-89.178627
19532.2266	-89.288101
19535.1562	-89.396591
19538.0859	-89.513535
19541.0156	-89.608513
19543.9453	-89.641014
19546.8750	-89.679680
19549.8047	-89.779739
19552.7344	-89.898308
19555.6641	-89.990761
19558.5938	-90.075378
19561.5234	-90.179161
19564.4531	-90.366226
19567.3828	-90.533623
19570.3125	-90.599777
19573.2422	-90.683441
19576.1719	-90.843788
19579.1016	-91.040482
19582.0312	-91.150055
19584.9609	-91.192894
19587.8906	-91.282387
19590.8203	-91.415398
19593.7500	-91.562836
19596.6797	-91.700722
19599.6094	-91.831131
19602.5391	-91.985527
19605.4688	-92.163849
19608.3984	-92.348167
19611.3281	-92.507812
19614.2578	-92.576286
19617.1875	-92.674019
19620.1172	-92.883667
19623.0469	-93.049484
19625.9766	-93.124229
19628.9062	-93.254333
19631.8359	-93.490562
19634.7656	-93.731583
19637.6953	-94.012917
19640.6250	-94.252213
19643.5547	-94.373154
19646.4844	-94.554466
19649.4141	-94.866684
19652.3438	-95.170380
19655.2734	-95.328156
19658.2031	-95.493828
19661.1328	-95.686432
19664.0625	-95.852745
19666.9922	-96.173134
19669.9219	-96.682831
19672.8516	-97.043983
19675.7812	-97.249840
19678.7109	-97.652924
19681.6406	-98.093033
19684.5703	-98.434372
19687.5000	-98.877243
19690.4297	-99.454216
19693.3594	-99.932343
19696.2891	-100.262672
19699.2188	-100.607780
19702.1484	-101.152924
19705.0781	-101.807365
19708.0078	-102.321899
19710.9375	-102.775146
19713.8672	-103.319557
19716.7969	-104.213837
19719.7266	-105.395676
19722.6562	-106.048325
19725.5859	-106.215561
19728.5156	-106.825577
19731.4453	-107.715286
19734.3750	-108.383598
19737.3047	-109.341248
19740.2344	-110.690514
19743.1641	-111.170464
19746.0938	-110.606331
19749.0234	-110.053764
19751.9531	-109.759270
19754.8828	-108.844101
19757.8125	-107.513298
19760.7422	-106.689331
19763.6719	-106.034142
19766.6016	-105.037643
19769.5312	-103.952263
19772.4609	-102.957138
19775.3906	-102.060219
19778.3203	-101.343033
19781.2500	-100.826256
19784.1797	-100.291290
19787.1094	-99.600647
19790.0391	-98.915077
19792.9688	-98.269356
19795.8984	-97.748360
19798.8281	-97.437057
19801.7578	-96.980072
19804.6875	-96.431267
19807.6172	-96.099174
19810.5469	-95.683571
19813.4766	-95.187767
19816.4062	-94.844170
19819.3359	-94.429840
19822.2656	-93.931595
19825.1953	-93.552315
19828.1250	-93.293350
19831.0547	-93.005226
19833.9844	-92.628983
19836.9141	-92.294678
19839.8438	-91.962502
19842.7734	-91.574959
19845.7031	-91.294441
19848.6328	-91.073875
19851.5625	-90.762802
19854.4922	-90.414124
19857.4219	-90.105164
19860.3516	-89.840240
19863.2812	-89.595161
19866.2109	-89.365120
19869.1406	-89.190422
19872.0703	-88.937035
19875.0000	-88.591232
19877.9297	-88.325958
19880.8594	-88.070686
19883.7891	-87.769493
19886.7188	-87.518784
19889.6484	-87.292030
19892.5781	-87.059769
19895.5078	-86.842789
19898.4375	-86.618935
19901.3672	-86.380653
19904.2969	-86.182518
19907.2266	-86.015640
19910.1562	-85.830353
19913.0859	-85.623894
19916.0156	-85.389786
19918.9453	-85.169930
19921.8750	-84.960526
19924.8047	-84.742531
19927.7344	-84.531929
19930.6641	-84.351143
19933.5938	-84.182648
19936.5234	-83.969231
19939.4531	-83.750557
19942.3828	-83.579994
19945.3125	-83.408379
19948.2422	-83.214584
19951.1719	-83.041878
19954.1016	-82.849739
19957.0312	-82.651741
19959.9609	-82.483414
19962.8906	-82.299065
19965.8203	-82.097359
19968.7500	-81.906281
19971.6797	-81.702126
19974.6094	-81.503586
19977.5391	-81.327896
19980.4688	-81.133308
19983.3984	-80.930405
19986.3281	-80.747841
19989.2578	-80.562401
19992.1875	-80.355202
19995.1172	-80.133118
19998.0469	-79.918770
20000.9766	-79.743111
20003.9062	-79.572311
20006.8359	-79.375435
20009.7656	-79.201088
20012.6953	-79.054771
20015.6250	-78.899940
20018.5547	-78.723671
20021.4844	-78.549683
20024.4141	-78.379349
20027.3438	-78.191399
20030.2734	-78.008598
20033.2031	-77.833916
20036.1328	-77.646729
20039.0625	-77.456017
20041.9922	-77.273735
20044.9219	-77.097420
20047.8516	-76.923294
20050.7812	-76.754486
20053.7109	-76.587418
20056.6406	-76.409241
20059.5703	-76.219322
20062.5000	-76.025604
20065.4297	-75.829529
20068.3594	-75.632545
20071.2891	-75.444389
20074.2188	-75.262726
20077.1484	-75.080536
20080.0781	-74.896416
20083.0078	-74.703545
20085.9375	-74.515244
20088.8672	-74.330246
20091.7969	-74.144241
20094.7266	-73.962166
20097.6562	-73.767052
20100.5859	-73.561546
20103.5156	-73.359253
20106.4453	-73.151924
20109.3750	-72.942131
20112.3047	-72.738350
20115.2344	-72.530571
20118.1641	-72.319656
20121.0938	-72.124718
20124.0234	-71.933296
20126.9531	-71.722595
20129.8828	-71.508911
20132.8125	-71.301697
20135.7422	-71.084900
20138.6719	-70.859451
20141.6016	-70.636642
20144.5312	-70.424538
20147.4609	-70.225449
20150.3906	-70.023781
20153.3203	-69.812172
20156.2500	-69.600182
20159.1797	-69.391418
20162.1094	-69.176613
20165.0391	-68.945595
20167.9688	-68.707458
20170.8984	-68.469101
20173.8281	-68.216255
20176.7578	-67.951294
20179.6875	-67.684235
20182.6172	-67.409698
20185.5469	-67.139282
20188.4766	-66.883499
20191.4062	-66.621452
20194.3359	-66.349464
20197.2656	-66.069588
20200.1953	-65.771133
20203.1250	-65.460442
20206.0547	-65.150055
20208.9844	-64.837944
20211.9141	-64.517258
20214.8438	-64.187790
20217.7734	-63.849358
20220.7031	-63.503654
20223.6328	-63.151871
20226.5625	-62.790257
20229.4922	-62.414825
20232.4219	-62.032154
20235.3516	-61.637863
20238.2812	-61.218170
20241.2109	-60.782787
20244.1406	-60.336781
20247.0703	-59.856865
20250.0000	-59.351273
20252.9297	-58.837482
20255.8594	-58.304905
20258.7891	-57.752472
20261.7188	-57.180183
20264.6484	-56.580399
20267.5781	-55.945007
20270.5078	-55.270370
20273.4375	-54.556881
20276.3672	-53.804188
20279.2969	-53.012531
20282.2266	-52.186321
20285.1562	-51.344528
20288.0859	-50.507629
20291.0156	-49.698875
20293.9453	-48.963100
20296.8750	-48.363811
20299.8047	-47.968216
20302.7344	-47.823620
20305.6641	-47.946667
20308.5938	-48.318638
20311.5234	-48.875320
20314.4531	-49.539143
20317.3828	-50.258438
20320.3125	-50.996216
20323.2422	-51.722580
20326.1719	-52.428612
20329.1016	-53.107964
20332.0312	-53.750092
20334.9609	-54.352818
20337.8906	-54.916298
20340.8203	-55.439468
20343.7500	-55.924156
20346.6797	-56.373924
20349.6094	-56.802261
20352.5391	-57.215061
20355.4688	-57.607914
20358.3984	-57.987877
20361.3281	-58.362293
20364.2578	-58.728527
20367.1875	-59.079399
20370.1172	-59.416008
20373.0469	-59.739250
20375.9766	-60.049698
20378.9062	-60.340000
20381.8359	-60.609741
20384.7656	-60.877419
20387.6953	-61.146690
20390.6250	-61.401459
20393.5547	-61.629295
20396.4844	-61.834625
20399.4141	-62.044300
20402.3438	-62.265163
20405.2734	-62.483341
20408.2031	-62.694103
20411.1328	-62.899200
20414.0625	-63.095387
20416.9922	-63.274765
20419.9219	-63.447590
20422.8516	-63.614819
20425.7812	-63.782776
20428.7109	-63.962238
20431.6406	-64.134285
20434.5703	-64.294159
20437.5000	-64.451042
20440.4297	-64.610786
20443.3594	-64.768730
20446.2891	-64.911560
20449.2188	-65.040977
20452.1484	-65.170433
20455.0781	-65.298714
20458.0078	-65.421692
20460.9375	-65.548180
20463.8672	-65.679832
20466.7969	-65.812210
20469.7266	-65.939507
20472.6562	-66.060181
20475.5859	-66.181274
20478.5156	-66.297562
20481.4453	-66.411415
20484.3750	-66.527641
20487.3047	-66.635811
20490.2344	-66.737366
20493.1641	-66.839401
20496.0938	-66.940559
20499.0234	-67.033455
20501.9531	-67.119453
20504.8828	-67.211769
20507.8125	-67.309380
20510.7422	-67.394020
20513.6719	-67.478897
20516.6016	-67.576355
20519.5312	-67.666893
20522.4609	-67.749611
20525.3906	-67.826935
20528.3203	-67.898705
20531.2500	-67.965034
20534.1797	-68.042725
20537.1094	-68.135307
20540.0391	-68.207222
20542.9688	-68.268303
20545.8984	-68.345619
20548.8281	-68.427536
20551.7578	-68.497543
20554.6875	-68.564468
20557.6172	-68.640633
20560.5469	-68.718163
20563.4766	-68.786278
20566.4062	-68.850266
20569.3359	-68.920982
20572.2656	-68.987106
20575.1953	-69.046364
20578.1250	-69.113586
20581.0547	-69.184868
20583.9844	-69.255844
20586.9141	-69.319534
20589.8438	-69.373802
20592.7734	-69.432899
20595.7031	-69.493500
20598.6328	-69.550629
20601.5625	-69.605995
20604.4922	-69.658081
20607.4219	-69.715034
20610.3516	-69.785957
20613.2812	-69.853699
20616.2109	-69.912704
20619.1406	-69.969620
20622.0703	-70.021660
20625.0000	-70.083878
20627.9297	-70.146172
20630.8594	-70.197823
20633.7891	-70.248230
20636.7188	-70.298203
20639.6484	-70.352295
20642.5781	-70.407173
20645.5078	-70.459328
20648.4375	-70.514359
20651.3672	-70.572754
20654.2969	-70.619591
20657.2266	-70.659958
20660.1562	-70.704147
20663.0859	-70.747757
20666.0156	-70.792664
20668.9453	-70.832832
20671.8750	-70.858665
20674.8047	-70.890221
20677.7344	-70.928902
20680.6641	-70.966545
20683.5938	-71.006653
20686.5234	-71.048897
20689.4531	-71.095245
20692.3828	-71.142540
20695.3125	-71.187149
20698.2422	-71.224205
20701.1719	-71.255318
20704.1016	-71.292984
20707.0312	-71.333229
20709.9609	-71.364899
20712.8906	-71.392387
20715.8203	-71.425964
20718.7500	-71.464485
20721.6797	-71.500877
20724.6094	-71.543503
20727.5391	-71.592583
20730.4688	-71.631660
20733.3984	-71.657585
20736.3281	-71.682480
20739.2578	-71.715866
20742.1875	-71.751541
20745.1172	-71.782066
20748.0469	-71.816589
20750.9766	-71.847984
20753.9062	-71.873512
20756.8359	-71.915695
20759.7656	-71.967873
20762.6953	-72.012054
20765.6250	-72.037437
20768.5547	-72.058960
20771.4844	-72.093124
20774.4141	-72.127861
20777.3438	-72.158539
20780.2734	-72.183914
20783.2031	-72.210907
20786.1328	-72.240646
20789.0625	-72.271729
20791.9922	-72.304840
20794.9219	-72.336716
20797.8516	-72.365128
20800.7812	-72.394577
20803.7109	-72.429237
20806.6406	-72.457886
20809.5703	-72.477798
20812.5000	-72.502266
20815.4297	-72.533966
20818.3594	-72.560028
20821.2891	-72.586586
20824.2188	-72.619377
20827.1484	-72.645630
20830.0781	-72.674217
20833.0078	-72.703384
20835.9375	-72.726517
20838.8672	-72.755669
20841.7969	-72.789207
20844.7266	-72.814148
20847.6562	-72.833420
20850.5859	-72.854820
20853.5156	-72.866974
20856.4453	-72.889145
20859.3750	-72.931793
20862.3047	-72.962196
20865.2344	-72.986069
20868.1641	-73.016098
20871.0938	-73.050011
20874.0234	-73.078598
20876.9531	-73.098869
20879.8828	-73.134415
20882.8125	-73.165596
20885.7422	-73.175331
20888.6719	-73.194153
20891.6016	-73.221909
20894.5312	-73.248947
20897.4609	-73.290543
20900.3906	-73.326691
20903.3203	-73.341682
20906.2500	-73.366150
20909.1797	-73.399986
20912.1094	-73.423851
20915.0391	-73.438721
20917.9688	-73.449181
20920.8984	-73.463684
20923.8281	-73.488014
20926.7578	-73.515305
20929.6875	-73.531471
20932.6172	-73.535789
20935.5469	-73.542015
20938.4766	-73.562332
20941.4062	-73.588333
20944.3359	-73.605553
20947.2656	-73.621101
20950.1953	-73.648987
20953.1250	-73.671631
20956.0547	-73.677895
20958.9844	-73.687935
20961.9141	-73.709412
20964.8438	-73.733192
20967.7734	-73.751266
20970.7031	-73.762253
20973.6328	-73.774506
20976.5625	-73.795860
20979.4922	-73.817322
20982.4219	-73.837044
20985.3516	-73.859734
20988.2812	-73.884590
20991.2109	-73.904594
20994.1406	-73.914253
20997.0703	-73.928116
21000.0000	-73.948082
21002.9297	-73.960373
21005.8594	-73.971535
21008.7891	-73.989151
21011.7188	-74.007950
21014.6484	-74.038399
21017.5781	-74.079674
21020.5078	-74.103928
21023.4375	-74.112923
21026.3672	-74.130753
21029.2969	-74.145157
21032.2266	-74.152611
21035.1562	-74.174088
21038.0859	-74.193504
21041.0156	-74.202408
21043.9453	-74.220810
21046.8750	-74.247787
21049.8047	-74.272743
21052.7344	-74.295929
21055.6641	-74.311478
21058.5938	-74.326363
21061.5234	-74.349960
21064.4531	-74.374016
21067.3828	-74.396011
21070.3125	-74.419365
21073.2422	-74.442360
21076.1719	-74.455925
21079.1016	-74.469635
21082.0312	-74.491844
21084.9609	-74.502602
21087.8906	-74.517471
21090.8203	-74.536835
21093.7500	-74.547943
21096.6797	-74.563766
21099.6094	-74.575691
21102.5391	-74.577477
21105.4688	-74.584274
21108.3984	-74.596077
21111.3281	-74.606346
21114.2578	-74.617935
21117.1875	-74.620453
21120.1172	-74.622711
21123.0469	-74.640625
21125.9766	-74.655960
21128.9062	-74.667130
21131.8359	-74.686005
21134.7656	-74.698112
21137.6953	-74.706062
21140.6250	-74.722572
21143.5547	-74.733772
21146.4844	-74.735802
21149.4141	-74.748703
21152.3438	-74.774704
21155.2734	-74.786949
21158.2031	-74.800766
21161.1328	-74.828918
21164.0625	-74.840706
21166.9922	-74.844070
21169.9219	-74.851402
21172.8516	-74.857353
21175.7812	-74.873268
21178.7109	-74.901604
21181.6406	-74.920044
21184.5703	-74.928108
21187.5000	-74.939629
21190.4297	-74.945572
21193.3594	-74.955429
21196.2891	-74.977547
21199.2188	-74.994476
21202.1484	-75.013992
21205.0781	-75.039047
21208.0078	-75.045921
21210.9375	-75.048904
21213.8672	-75.058777
21216.7969	-75.069847
21219.7266	-75.080467
21222.6562	-75.088150
21225.5859	-75.096695
21228.5156	-75.110329
21231.4453	-75.120033
21234.3750	-75.134453
21237.3047	-75.150955
21240.2344	-75.159805
21243.1641	-75.166901
21246.0938	-75.183334
21249.0234	-75.201859
21251.9531	-75.210693
21254.8828	-75.222321
21257.8125	-75.230919
21260.7422	-75.234459
21263.6719	-75.243736
21266.6016	-75.264832
21269.5312	-75.295952
21272.4609	-75.309784
21275.3906	-75.317017
21278.3203	-75.336655
21281.2500	-75.354004
21284.1797	-75.365608
21287.1094	-75.376060
21290.0391	-75.376976
21292.9688	-75.374344
21295.8984	-75.394936
21298.8281	-75.427963
21301.7578	-75.442924
21304.6875	-75.442970
21307.6172	-75.454575
21310.5469	-75.473618
21313.4766	-75.485039
21316.4062	-75.496727
21319.3359	-75.512695
21322.2656	-75.520248
21325.1953	-75.521896
21328.1250	-75.539413
21331.0547	-75.564072
21333.9844	-75.585907
21336.9141	-75.603546
21339.8438	-75.626381
21342.7734	-75.640800
21345.7031	-75.643402
21348.6328	-75.652245
21351.5625	-75.662575
21354.4922	-75.666672
21357.4219	-75.661987
21360.3516	-75.655449
21363.2812	-75.656418
21366.2109	-75.660637
21369.1406	-75.675713
21372.0703	-75.696060
21375.0000	-75.713531
21377.9297	-75.728539
21380.8594	-75.734962
21383.7891	-75.729439
21386.7188	-75.726303
21389.6484	-75.731621
21392.5781	-75.741013
21395.5078	-75.746750
21398.4375	-75.747887
21401.3672	-75.757072
21404.2969	-75.768440
21407.2266	-75.768562
21410.1562	-75.770363
21413.0859	-75.796890
21416.0156	-75.821938
21418.9453	-75.820107
21421.8750	-75.825851
21424.8047	-75.838966
21427.7344	-75.835175
21430.6641	-75.840523
21433.5938	-75.859787
21436.5234	-75.879318
21439.4531	-75.896729
21442.3828	-75.895790
21445.3125	-75.899132
21448.2422	-75.914078
21451.1719	-75.915184
21454.1016	-75.910278
21457.0312	-75.922821
21459.9609	-75.962524
21462.8906	-75.991539
21465.8203	-75.987389
21468.7500	-75.976112
21471.6797	-75.975227
21474.6094	-75.995659
21477.5391	-76.015892
21480.4688	-76.013290
21483.3984	-76.021294
21486.3281	-76.044868
21489.2578	-76.059898
21492.1875	-76.067429
21495.1172	-76.064560
21498.0469	-76.062943
21500.9766	-76.075684
21503.9062	-76.083755
21506.8359	-76.085052
21509.7656	-76.087372
21512.6953	-76.090439
21515.6250	-76.100891
21518.5547	-76.108398
21521.4844	-76.122482
21524.4141	-76.148163
21527.3438	-76.157974
21530.2734	-76.165733
21533.2031	-76.180862
21536.1328	-76.185997
21539.0625	-76.183624
21541.9922	-76.189392
21544.9219	-76.210007
21547.8516	-76.232178
21550.7812	-76.239197
21553.7109	-76.242508
21556.6406	-76.260597
21559.5703	-76.276619
21562.5000	-76.286438
21565.4297	-76.298264
21568.3594	-76.298981
21571.2891	-76.298912
21574.2188	-76.320419
21577.1484	-76.348091
21580.0781	-76.355019
21583.0078	-76.352531
21585.9375	-76.368233
21588.8672	-76.393585
21591.7969	-76.401581
21594.7266	-76.396172
21597.6562	-76.408669
21600.5859	-76.429993
21603.5156	-76.433052
21606.4453	-76.435066
21609.3750	-76.447441
21612.3047	-76.448776
21615.2344	-76.438026
21618.1641	-76.432869
21621.0938	-76.448914
21624.0234	-76.460785
21626.9531	-76.462166
21629.8828	-76.473511
21632.8125	-76.473282
21635.7422	-76.467430
21638.6719	-76.473091
21641.6016	-76.481110
21644.5312	-76.479462
21647.4609	-76.479408
21650.3906	-76.503761
21653.3203	-76.510544
21656.2500	-76.493515
21659.1797	-76.497276
21662.1094	-76.514656
21665.0391	-76.518379
21667.9688	-76.511208
21670.8984	-76.515923
21673.8281	-76.529579
21676.7578	-76.542183
21679.6875	-76.559456
21682.6172	-76.569733
21685.5469	-76.576370
21688.4766	-76.585762
21691.4062	-76.586739
21694.3359	-76.594810
21697.2656	-76.617897
21700.1953	-76.624626
21703.1250	-76.619240
21706.0547	-76.629662
21708.9844	-76.637825
21711.9141	-76.647842
21714.8438	-76.661835
21717.7734	-76.672508
21720.7031	-76.688049
21723.6328	-76.689240
21726.5625	-76.683525
21729.4922	-76.700478
21732.4219	-76.726303
21735.3516	-76.732727
21738.2812	-76.733406
21741.2109	-76.741524
21744.1406	-76.758644
21747.0703	-76.773201
21750.0000	-76.771629
21752.9297	-76.779984
21755.8594	-76.796677
21758.7891	-76.814430
21761.7188	-76.826378
21764.6484	-76.824173
21767.5781	-76.844803
21770.5078	-76.875305
21773.4375	-76.878334
21776.3672	-76.871735
21779.2969	-76.866226
21782.2266	-76.864120
21785.1562	-76.866364
21788.0859	-76.878578
21791.0156	-76.874687
21793.9453	-76.859398
21796.8750	-76.864693
21799.8047	-76.880096
21802.7344	-76.888451
21805.6641	-76.895699
21808.5938	-76.900421
21811.5234	-76.901733
21814.4531	-76.899887
21817.3828	-76.895538
21820.3125	-76.898750
21823.2422	-76.910370
21826.1719	-76.917671
21829.1016	-76.925522
21832.0312	-76.935989
21834.9609	-76.939102
21837.8906	-76.936958
21840.8203	-76.942734
21843.7500	-76.950523
21846.6797	-76.948944
21849.6094	-76.948006
21852.5391	-76.955238
21855.4688	-76.971756
21858.3984	-76.986084
21861.3281	-76.986786
21864.2578	-76.980568
21867.1875	-76.985252
21870.1172	-77.002060
21873.0469	-77.016701
21875.9766	-77.029388
21878.9062	-77.041855
21881.8359	-77.049011
21884.7656	-77.042969
21887.6953	-77.040710
21890.6250	-77.050934
21893.5547	-77.062447
21896.4844	-77.058968
21899.4141	-77.051704
21902.3438	-77.065208
21905.2734	-77.085701
21908.2031	-77.107582
21911.1328	-77.116859
21914.0625	-77.107887
21916.9922	-77.108025
21919.9219	-77.121597
21922.8516	-77.125008
21925.7812	-77.121361
21928.7109	-77.134804
21931.6406	-77.140450
21934.5703	-77.129150
21937.5000	-77.135002
21940.4297	-77.147453
21943.3594	-77.149391
21946.2891	-77.152527
21949.2188	-77.162926
21952.1484	-77.167068
21955.0781	-77.160645
21958.0078	-77.169823
21960.9375	-77.183128
21963.8672	-77.189964
21966.7969	-77.194229
21969.7266	-77.183189
21972.6562	-77.184097
21975.5859	-77.210373
21978.5156	-77.231728
21981.4453	-77.233917
21984.3750	-77.240799
21987.3047	-77.252129
21990.2344	-77.259315
21993.1641	-77.272545
21996.0938	-77.287567
21999.0234	-77.299286
22001.9531	-77.293266
22004.8828	-77.293480
22007.8125	-77.316277
22010.7422	-77.329330
22013.6719	-77.337799
22016.6016	-77.359001
22019.5312	-77.377602
22022.4609	-77.387276
22025.3906	-77.393112
22028.3203	-77.395432
22031.2500	-77.400276
22034.1797	-77.391693
22037.1094	-77.386345
22040.0391	-77.391594
22042.9688	-77.393066
22045.8984	-77.385277
22048.8281	-77.387665
22051.7578	-77.406364
22054.6875	-77.413246
22057.6172	-77.406868
22060.5469	-77.399460
22063.4766	-77.400566
