;Freq(Hz)	Relative Amplitude (dB): Left
17961.9141	-71.253143
17964.8438	-71.259628
17967.7734	-71.266113
17970.7031	-71.268311
17973.6328	-71.266769
17976.5625	-71.267509
17979.4922	-71.271774
17982.4219	-71.274895
17985.3516	-71.278252
17988.2812	-71.288376
17991.2109	-71.298485
17994.1406	-71.298149
17997.0703	-71.302330
18000.0000	-71.314606
18002.9297	-71.319527
18005.8594	-71.322266
18008.7891	-71.325188
18011.7188	-71.328346
18014.6484	-71.340385
18017.5781	-71.348488
18020.5078	-71.348274
18023.4375	-71.354500
18026.3672	-71.366280
18029.2969	-71.380432
18032.2266	-71.390205
18035.1562	-71.386879
18038.0859	-71.383461
18041.0156	-71.394020
18043.9453	-71.407738
18046.8750	-71.415543
18049.8047	-71.425629
18052.7344	-71.433960
18055.6641	-71.443031
18058.5938	-71.455124
18061.5234	-71.464363
18064.4531	-71.474159
18067.3828	-71.481560
18070.3125	-71.493622
18073.2422	-71.508812
18076.1719	-71.511131
18079.1016	-71.506744
18082.0312	-71.505997
18084.9609	-71.504807
18087.8906	-71.507324
18090.8203	-71.511749
18093.7500	-71.511200
18096.6797	-71.507118
18099.6094	-71.508781
18102.5391	-71.516487
18105.4688	-71.518135
18108.3984	-71.518761
18111.3281	-71.526382
18114.2578	-71.531052
18117.1875	-71.531204
18120.1172	-71.532593
18123.0469	-71.536461
18125.9766	-71.540092
18128.9062	-71.538994
18131.8359	-71.537926
18134.7656	-71.541847
18137.6953	-71.550537
18140.6250	-71.559273
18143.5547	-71.559616
18146.4844	-71.560089
18149.4141	-71.565430
18152.3438	-71.567184
18155.2734	-71.568344
18158.2031	-71.576691
18161.1328	-71.586426
18164.0625	-71.593834
18166.9922	-71.600571
18169.9219	-71.602036
18172.8516	-71.602959
18175.7812	-71.606720
18178.7109	-71.609528
18181.6406	-71.616638
18184.5703	-71.627136
18187.5000	-71.641670
18190.4297	-71.653603
18193.3594	-71.654594
18196.2891	-71.660492
18199.2188	-71.671844
18202.1484	-71.680923
18205.0781	-71.686607
18208.0078	-71.686745
18210.9375	-71.683815
18213.8672	-71.686295
18216.7969	-71.692307
18219.7266	-71.692200
18222.6562	-71.691757
18225.5859	-71.695961
18228.5156	-71.706413
18231.4453	-71.721916
18234.3750	-71.731575
18237.3047	-71.736038
18240.2344	-71.740051
18243.1641	-71.743385
18246.0938	-71.744484
18249.0234	-71.746162
18251.9531	-71.750504
18254.8828	-71.756073
18257.8125	-71.762749
18260.7422	-71.768227
18263.6719	-71.782120
18266.6016	-71.796883
18269.5312	-71.799461
18272.4609	-71.797607
18275.3906	-71.798409
18278.3203	-71.810371
18281.2500	-71.827957
18284.1797	-71.838844
18287.1094	-71.844460
18290.0391	-71.851425
18292.9688	-71.862732
18295.8984	-71.875549
18298.8281	-71.883186
18301.7578	-71.888252
18304.6875	-71.899849
18307.6172	-71.911194
18310.5469	-71.917374
18313.4766	-71.927147
18316.4062	-71.941727
18319.3359	-71.946480
18322.2656	-71.940552
18325.1953	-71.945221
18328.1250	-71.962975
18331.0547	-71.977913
18333.9844	-71.977180
18336.9141	-71.980927
18339.8438	-71.988510
18342.7734	-71.984055
18345.7031	-71.982590
18348.6328	-71.985733
18351.5625	-71.988586
18354.4922	-71.994751
18357.4219	-71.991844
18360.3516	-71.984100
18363.2812	-71.995094
18366.2109	-72.015793
18369.1406	-72.018547
18372.0703	-72.017860
18375.0000	-72.023537
18377.9297	-72.024628
18380.8594	-72.027496
18383.7891	-72.035286
18386.7188	-72.037903
18389.6484	-72.035919
18392.5781	-72.038239
18395.5078	-72.047272
18398.4375	-72.054024
18401.3672	-72.058578
18404.2969	-72.066742
18407.2266	-72.067009
18410.1562	-72.065224
18413.0859	-72.071892
18416.0156	-72.079170
18418.9453	-72.092590
18421.8750	-72.104164
18424.8047	-72.105309
18427.7344	-72.106468
18430.6641	-72.107925
18433.5938	-72.116394
18436.5234	-72.131912
18439.4531	-72.139656
18442.3828	-72.145889
18445.3125	-72.155655
18448.2422	-72.159462
18451.1719	-72.161194
18454.1016	-72.165192
18457.0312	-72.176086
18459.9609	-72.194519
18462.8906	-72.206093
18465.8203	-72.208260
18468.7500	-72.214745
18471.6797	-72.227142
18474.6094	-72.236092
18477.5391	-72.241066
18480.4688	-72.246712
18483.3984	-72.252327
18486.3281	-72.260475
18489.2578	-72.274757
18492.1875	-72.290604
18495.1172	-72.304985
18498.0469	-72.316048
18500.9766	-72.326340
18503.9062	-72.337975
18506.8359	-72.340080
18509.7656	-72.332802
18512.6953	-72.335564
18515.6250	-72.346176
18518.5547	-72.354568
18521.4844	-72.360077
18524.4141	-72.356606
18527.3438	-72.353027
18530.2734	-72.360107
18533.2031	-72.365059
18536.1328	-72.360611
18539.0625	-72.361031
18541.9922	-72.365608
18544.9219	-72.373398
18547.8516	-72.385979
18550.7812	-72.393158
18553.7109	-72.394608
18556.6406	-72.392883
18559.5703	-72.396561
18562.5000	-72.406616
18565.4297	-72.417839
18568.3594	-72.426140
18571.2891	-72.426765
18574.2188	-72.429298
18577.1484	-72.432007
18580.0781	-72.432121
18583.0078	-72.432716
18585.9375	-72.441734
18588.8672	-72.457176
18591.7969	-72.464851
18594.7266	-72.476349
18597.6562	-72.485947
18600.5859	-72.488640
18603.5156	-72.499992
18606.4453	-72.508530
18609.3750	-72.505203
18612.3047	-72.509727
18615.2344	-72.527328
18618.1641	-72.540916
18621.0938	-72.551727
18624.0234	-72.562561
18626.9531	-72.569710
18629.8828	-72.574196
18632.8125	-72.583755
18635.7422	-72.592377
18638.6719	-72.593338
18641.6016	-72.593391
18644.5312	-72.606354
18647.4609	-72.616150
18650.3906	-72.614479
18653.3203	-72.623711
18656.2500	-72.637955
18659.1797	-72.640434
18662.1094	-72.639221
18665.0391	-72.642982
18667.9688	-72.650627
18670.8984	-72.663742
18673.8281	-72.679047
18676.7578	-72.686737
18679.6875	-72.692108
18682.6172	-72.700005
18685.5469	-72.712509
18688.4766	-72.727020
18691.4062	-72.730789
18694.3359	-72.731583
18697.2656	-72.746147
18700.1953	-72.765511
18703.1250	-72.777557
18706.0547	-72.781334
18708.9844	-72.786354
18711.9141	-72.796196
18714.8438	-72.804062
18717.7734	-72.812912
18720.7031	-72.823486
18723.6328	-72.840416
18726.5625	-72.855728
18729.4922	-72.857803
18732.4219	-72.861610
18735.3516	-72.876534
18738.2812	-72.891930
18741.2109	-72.905556
18744.1406	-72.920212
18747.0703	-72.931335
18750.0000	-72.938393
18752.9297	-72.949013
18755.8594	-72.966248
18758.7891	-72.979088
18761.7188	-72.989807
18764.6484	-72.999641
18767.5781	-73.003532
18770.5078	-73.006760
18773.4375	-73.016273
18776.3672	-73.025299
18779.2969	-73.024368
18782.2266	-73.024979
18785.1562	-73.030579
18788.0859	-73.036552
18791.0156	-73.047806
18793.9453	-73.059570
18796.8750	-73.063210
18799.8047	-73.060768
18802.7344	-73.067123
18805.6641	-73.078697
18808.5938	-73.084679
18811.5234	-73.091446
18814.4531	-73.101570
18817.3828	-73.109489
18820.3125	-73.111320
18823.2422	-73.112648
18826.1719	-73.114067
18829.1016	-73.124626
18832.0312	-73.136688
18834.9609	-73.137077
18837.8906	-73.138977
18840.8203	-73.154213
18843.7500	-73.178505
18846.6797	-73.194267
18849.6094	-73.201851
18852.5391	-73.204041
18855.4688	-73.206833
18858.3984	-73.225998
18861.3281	-73.245575
18864.2578	-73.247490
18867.1875	-73.246788
18870.1172	-73.254250
18873.0469	-73.271660
18875.9766	-73.288727
18878.9062	-73.298210
18881.8359	-73.310326
18884.7656	-73.320152
18887.6953	-73.331497
18890.6250	-73.351303
18893.5547	-73.370033
18896.4844	-73.384338
18899.4141	-73.395065
18902.3438	-73.406609
18905.2734	-73.421989
18908.2031	-73.432625
18911.1328	-73.451889
18914.0625	-73.482491
18916.9922	-73.491096
18919.9219	-73.490135
18922.8516	-73.503098
18925.7812	-73.526703
18928.7109	-73.556290
18931.6406	-73.572311
18934.5703	-73.577156
18937.5000	-73.576927
18940.4297	-73.580688
18943.3594	-73.593475
18946.2891	-73.608673
18949.2188	-73.620773
18952.1484	-73.632851
18955.0781	-73.648064
18958.0078	-73.654579
18960.9375	-73.653717
18963.8672	-73.662888
18966.7969	-73.670090
18969.7266	-73.671234
18972.6562	-73.679840
18975.5859	-73.690903
18978.5156	-73.699509
18981.4453	-73.711060
18984.3750	-73.716354
18987.3047	-73.719727
18990.2344	-73.732544
18993.1641	-73.750435
18996.0938	-73.765518
18999.0234	-73.778137
19001.9531	-73.789246
19004.8828	-73.795212
19007.8125	-73.806297
19010.7422	-73.829536
19013.6719	-73.847382
19016.6016	-73.859100
19019.5312	-73.877136
19022.4609	-73.885040
19025.3906	-73.885910
19028.3203	-73.900040
19031.2500	-73.916763
19034.1797	-73.926575
19037.1094	-73.938255
19040.0391	-73.947823
19042.9688	-73.953140
19045.8984	-73.966446
19048.8281	-73.988327
19051.7578	-74.007370
19054.6875	-74.020790
19057.6172	-74.033829
19060.5469	-74.044388
19063.4766	-74.049973
19066.4062	-74.057945
19069.3359	-74.078362
19072.2656	-74.101830
19075.1953	-74.121483
19078.1250	-74.138458
19081.0547	-74.152077
19083.9844	-74.172325
19086.9141	-74.197678
19089.8438	-74.216385
19092.7734	-74.237198
19095.7031	-74.265213
19098.6328	-74.280296
19101.5625	-74.289719
19104.4922	-74.311211
19107.4219	-74.322144
19110.3516	-74.324226
19113.2812	-74.334526
19116.2109	-74.347382
19119.1406	-74.355606
19122.0703	-74.356682
19125.0000	-74.359062
19127.9297	-74.363129
19130.8594	-74.369217
19133.7891	-74.383255
19136.7188	-74.399055
19139.6484	-74.416199
19142.5781	-74.432991
19145.5078	-74.438530
19148.4375	-74.439079
19151.3672	-74.454758
19154.2969	-74.473686
19157.2266	-74.487106
19160.1562	-74.501587
19163.0859	-74.510254
19166.0156	-74.519073
19168.9453	-74.531952
19171.8750	-74.548874
19174.8047	-74.574341
19177.7344	-74.596642
19180.6641	-74.606888
19183.5938	-74.614510
19186.5234	-74.625061
19189.4531	-74.640259
19192.3828	-74.648643
19195.3125	-74.657127
19198.2422	-74.683250
19201.1719	-74.707382
19204.1016	-74.726318
19207.0312	-74.742424
19209.9609	-74.750397
19212.8906	-74.764755
19215.8203	-74.789146
19218.7500	-74.813934
19221.6797	-74.830750
19224.6094	-74.831993
19227.5391	-74.839020
19230.4688	-74.868523
19233.3984	-74.896599
19236.3281	-74.909172
19239.2578	-74.924049
19242.1875	-74.949539
19245.1172	-74.975151
19248.0469	-74.996536
19250.9766	-75.003883
19253.9062	-75.013847
19256.8359	-75.047951
19259.7656	-75.074898
19262.6953	-75.091370
19265.6250	-75.114601
19268.5547	-75.135590
19271.4844	-75.164909
19274.4141	-75.201721
19277.3438	-75.226372
19280.2734	-75.243584
19283.2031	-75.259048
19286.1328	-75.274094
19289.0625	-75.285240
19291.9922	-75.304085
19294.9219	-75.313683
19297.8516	-75.326103
19300.7812	-75.359497
19303.7109	-75.374168
19306.6406	-75.373169
19309.5703	-75.392838
19312.5000	-75.425323
19315.4297	-75.443405
19318.3594	-75.451874
19321.2891	-75.468224
19324.2188	-75.489906
19327.1484	-75.522003
19330.0781	-75.546783
19333.0078	-75.554909
19335.9375	-75.562859
19338.8672	-75.576935
19341.7969	-75.597298
19344.7266	-75.619392
19347.6562	-75.651665
19350.5859	-75.681770
19353.5156	-75.697868
19356.4453	-75.720306
19359.3750	-75.748169
19362.3047	-75.771957
19365.2344	-75.789299
19368.1641	-75.802895
19371.0938	-75.815163
19374.0234	-75.832344
19376.9531	-75.861496
19379.8828	-75.891701
19382.8125	-75.920593
19385.7422	-75.946335
19388.6719	-75.966507
19391.6016	-75.984558
19394.5312	-76.010292
19397.4609	-76.050179
19400.3906	-76.088799
19403.3203	-76.118919
19406.2500	-76.145164
19409.1797	-76.171135
19412.1094	-76.198669
19415.0391	-76.229240
19417.9688	-76.259171
19420.8984	-76.280518
19423.8281	-76.307129
19426.7578	-76.352043
19429.6875	-76.398323
19432.6172	-76.433617
19435.5469	-76.454918
19438.4766	-76.466393
19441.4062	-76.491898
19444.3359	-76.522797
19447.2656	-76.554008
19450.1953	-76.604713
19453.1250	-76.632698
19456.0547	-76.636757
19458.9844	-76.648125
19461.9141	-76.676811
19464.8438	-76.703186
19467.7734	-76.733192
19470.7031	-76.762291
19473.6328	-76.780815
19476.5625	-76.823593
19479.4922	-76.869141
19482.4219	-76.887581
19485.3516	-76.913513
19488.2812	-76.949379
19491.2109	-76.964539
19494.1406	-76.974503
19497.0703	-77.000359
19500.0000	-77.042206
19502.9297	-77.089073
19505.8594	-77.127670
19508.7891	-77.160927
19511.7188	-77.194412
19514.6484	-77.234802
19517.5781	-77.271820
19520.5078	-77.290329
19523.4375	-77.307739
19526.3672	-77.342903
19529.2969	-77.392578
19532.2266	-77.439194
19535.1562	-77.476059
19538.0859	-77.510788
19541.0156	-77.547478
19543.9453	-77.590164
19546.8750	-77.638054
19549.8047	-77.681450
19552.7344	-77.714714
19555.6641	-77.745743
19558.5938	-77.780968
19561.5234	-77.820419
19564.4531	-77.866150
19567.3828	-77.913391
19570.3125	-77.964684
19573.2422	-78.015915
19576.1719	-78.040840
19579.1016	-78.060196
19582.0312	-78.105728
19584.9609	-78.161263
19587.8906	-78.208359
19590.8203	-78.248894
19593.7500	-78.285118
19596.6797	-78.334099
19599.6094	-78.394859
19602.5391	-78.452805
19605.4688	-78.510658
19608.3984	-78.548149
19611.3281	-78.569962
19614.2578	-78.619926
19617.1875	-78.680779
19620.1172	-78.726509
19623.0469	-78.774666
19625.9766	-78.813644
19628.9062	-78.845619
19631.8359	-78.904236
19634.7656	-78.981674
19637.6953	-79.037941
19640.6250	-79.069710
19643.5547	-79.126228
19646.4844	-79.212761
19649.4141	-79.292564
19652.3438	-79.358978
19655.2734	-79.417091
19658.2031	-79.462204
19661.1328	-79.499519
19664.0625	-79.561775
19666.9922	-79.650276
19669.9219	-79.721649
19672.8516	-79.788490
19675.7812	-79.872192
19678.7109	-79.948524
19681.6406	-80.015411
19684.5703	-80.074837
19687.5000	-80.141518
19690.4297	-80.221573
19693.3594	-80.300484
19696.2891	-80.385635
19699.2188	-80.464836
19702.1484	-80.551109
19705.0781	-80.628464
19708.0078	-80.701050
19710.9375	-80.795845
19713.8672	-80.867363
19716.7969	-80.957619
19719.7266	-81.084518
19722.6562	-81.162682
19725.5859	-81.213387
19728.5156	-81.299271
19731.4453	-81.379745
19734.3750	-81.468613
19737.3047	-81.574501
19740.2344	-81.656471
19743.1641	-81.739723
19746.0938	-81.837860
19749.0234	-81.945404
19751.9531	-82.049774
19754.8828	-82.157654
19757.8125	-82.269348
19760.7422	-82.372810
19763.6719	-82.473671
19766.6016	-82.583595
19769.5312	-82.693573
19772.4609	-82.803215
19775.3906	-82.936211
19778.3203	-83.067543
19781.2500	-83.183846
19784.1797	-83.302292
19787.1094	-83.433998
19790.0391	-83.576675
19792.9688	-83.722313
19795.8984	-83.883003
19798.8281	-84.038956
19801.7578	-84.179832
19804.6875	-84.344124
19807.6172	-84.538994
19810.5469	-84.728081
19813.4766	-84.882065
19816.4062	-85.028442
19819.3359	-85.192261
19822.2656	-85.356194
19825.1953	-85.547073
19828.1250	-85.744476
19831.0547	-85.935547
19833.9844	-86.173233
19836.9141	-86.409065
19839.8438	-86.601936
19842.7734	-86.805557
19845.7031	-87.085594
19848.6328	-87.368011
19851.5625	-87.629593
19854.4922	-87.931419
19857.4219	-88.209518
19860.3516	-88.516556
19863.2812	-88.857887
19866.2109	-89.153542
19869.1406	-89.485771
19872.0703	-89.857941
19875.0000	-90.197433
19877.9297	-90.515167
19880.8594	-90.874763
19883.7891	-91.333305
19886.7188	-91.848732
19889.6484	-92.340042
19892.5781	-92.859108
19895.5078	-93.439178
19898.4375	-94.082214
19901.3672	-94.781288
19904.2969	-95.578133
19907.2266	-96.432343
19910.1562	-97.297058
19913.0859	-98.383430
19916.0156	-99.645226
19918.9453	-100.850945
19921.8750	-102.386536
19924.8047	-104.595383
19927.7344	-107.106430
19930.6641	-110.187454
19933.5938	-112.971558
19936.5234	-112.257027
19939.4531	-109.443329
19942.3828	-106.684792
19945.3125	-104.053574
19948.2422	-102.070457
19951.1719	-100.408493
19954.1016	-98.852570
19957.0312	-97.580490
19959.9609	-96.634644
19962.8906	-95.719757
19965.8203	-94.710579
19968.7500	-93.735771
19971.6797	-92.873177
19974.6094	-92.091782
19977.5391	-91.411194
19980.4688	-90.837021
19983.3984	-90.283234
19986.3281	-89.688850
19989.2578	-89.095100
19992.1875	-88.574234
19995.1172	-88.085518
19998.0469	-87.604233
20000.9766	-87.144394
20003.9062	-86.699539
20006.8359	-86.314125
20009.7656	-85.930954
20012.6953	-85.480438
20015.6250	-85.058662
20018.5547	-84.698921
20021.4844	-84.349876
20024.4141	-84.021347
20027.3438	-83.703804
20030.2734	-83.380928
20033.2031	-83.085503
20036.1328	-82.785767
20039.0625	-82.441017
20041.9922	-82.099068
20044.9219	-81.793686
20047.8516	-81.500114
20050.7812	-81.212456
20053.7109	-80.936684
20056.6406	-80.661232
20059.5703	-80.390259
20062.5000	-80.130783
20065.4297	-79.852844
20068.3594	-79.570946
20071.2891	-79.327316
20074.2188	-79.088623
20077.1484	-78.833351
20080.0781	-78.584961
20083.0078	-78.338867
20085.9375	-78.093224
20088.8672	-77.868797
20091.7969	-77.639565
20094.7266	-77.398102
20097.6562	-77.163391
20100.5859	-76.918983
20103.5156	-76.689644
20106.4453	-76.483902
20109.3750	-76.266563
20112.3047	-76.041245
20115.2344	-75.824753
20118.1641	-75.600632
20121.0938	-75.385033
20124.0234	-75.194420
20126.9531	-74.980316
20129.8828	-74.757713
20132.8125	-74.558060
20135.7422	-74.352608
20138.6719	-74.136993
20141.6016	-73.923347
20144.5312	-73.715881
20147.4609	-73.498222
20150.3906	-73.273453
20153.3203	-73.061188
20156.2500	-72.853523
20159.1797	-72.645416
20162.1094	-72.440178
20165.0391	-72.228371
20167.9688	-72.015923
20170.8984	-71.808701
20173.8281	-71.596436
20176.7578	-71.384399
20179.6875	-71.185776
20182.6172	-70.988518
20185.5469	-70.783638
20188.4766	-70.579887
20191.4062	-70.369156
20194.3359	-70.151009
20197.2656	-69.947044
20200.1953	-69.742874
20203.1250	-69.527580
20206.0547	-69.318665
20208.9844	-69.106285
20211.9141	-68.886681
20214.8438	-68.679070
20217.7734	-68.477676
20220.7031	-68.269798
20223.6328	-68.060944
20226.5625	-67.849274
20229.4922	-67.633614
20232.4219	-67.421257
20235.3516	-67.201561
20238.2812	-66.975494
20241.2109	-66.759727
20244.1406	-66.546478
20247.0703	-66.327538
20250.0000	-66.105026
20252.9297	-65.884148
20255.8594	-65.665497
20258.7891	-65.435204
20261.7188	-65.199883
20264.6484	-64.969650
20267.5781	-64.737190
20270.5078	-64.501030
20273.4375	-64.262146
20276.3672	-64.020210
20279.2969	-63.775845
20282.2266	-63.521782
20285.1562	-63.262539
20288.0859	-63.006210
20291.0156	-62.746620
20293.9453	-62.480480
20296.8750	-62.211449
20299.8047	-61.944958
20302.7344	-61.675308
20305.6641	-61.397491
20308.5938	-61.119957
20311.5234	-60.834957
20314.4531	-60.537983
20317.3828	-60.246387
20320.3125	-59.950989
20323.2422	-59.641590
20326.1719	-59.328888
20329.1016	-59.010792
20332.0312	-58.688442
20334.9609	-58.358650
20337.8906	-58.018200
20340.8203	-57.669319
20343.7500	-57.309029
20346.6797	-56.945038
20349.6094	-56.569004
20352.5391	-56.180096
20355.4688	-55.785248
20358.3984	-55.368294
20361.3281	-54.943848
20364.2578	-54.511528
20367.1875	-54.051682
20370.1172	-53.580574
20373.0469	-53.092041
20375.9766	-52.581913
20378.9062	-52.053886
20381.8359	-51.493786
20384.7656	-50.904713
20387.6953	-50.280506
20390.6250	-49.620056
20393.5547	-48.924854
20396.4844	-48.185413
20399.4141	-47.400867
20402.3438	-46.563293
20405.2734	-45.674549
20408.2031	-44.733727
20411.1328	-43.741230
20414.0625	-42.717136
20416.9922	-41.694042
20419.9219	-40.736050
20422.8516	-39.940838
20425.7812	-39.428936
20428.7109	-39.291737
20431.6406	-39.536915
20434.5703	-40.109810
20437.5000	-40.900826
20440.4297	-41.791042
20443.3594	-42.707687
20446.2891	-43.605160
20449.2188	-44.460438
20452.1484	-45.265293
20455.0781	-46.014286
20458.0078	-46.707493
20460.9375	-47.354202
20463.8672	-47.961578
20466.7969	-48.526520
20469.7266	-49.055553
20472.6562	-49.554127
20475.5859	-50.024742
20478.5156	-50.468357
20481.4453	-50.887070
20484.3750	-51.287975
20487.3047	-51.667561
20490.2344	-52.026852
20493.1641	-52.367069
20496.0938	-52.692604
20499.0234	-53.008205
20501.9531	-53.311047
20504.8828	-53.602291
20507.8125	-53.877865
20510.7422	-54.142513
20513.6719	-54.401337
20516.6016	-54.649799
20519.5312	-54.889221
20522.4609	-55.124195
20525.3906	-55.352150
20528.3203	-55.567993
20531.2500	-55.777184
20534.1797	-55.980717
20537.1094	-56.176506
20540.0391	-56.366226
20542.9688	-56.553909
20545.8984	-56.739754
20548.8281	-56.918533
20551.7578	-57.091324
20554.6875	-57.258827
20557.6172	-57.422436
20560.5469	-57.581608
20563.4766	-57.738335
20566.4062	-57.891739
20569.3359	-58.035587
20572.2656	-58.174408
20575.1953	-58.312065
20578.1250	-58.445000
20581.0547	-58.571457
20583.9844	-58.694988
20586.9141	-58.815895
20589.8438	-58.933575
20592.7734	-59.051830
20595.7031	-59.167576
20598.6328	-59.277359
20601.5625	-59.384781
20604.4922	-59.491810
20607.4219	-59.597145
20610.3516	-59.700272
20613.2812	-59.800961
20616.2109	-59.900421
20619.1406	-59.999893
20622.0703	-60.098454
20625.0000	-60.191891
20627.9297	-60.284180
20630.8594	-60.375969
20633.7891	-60.464539
20636.7188	-60.554611
20639.6484	-60.643703
20642.5781	-60.730202
20645.5078	-60.814674
20648.4375	-60.896683
20651.3672	-60.980335
20654.2969	-61.062805
20657.2266	-61.142212
20660.1562	-61.220219
20663.0859	-61.295853
20666.0156	-61.370708
20668.9453	-61.445065
20671.8750	-61.522911
20674.8047	-61.602123
20677.7344	-61.675152
20680.6641	-61.746647
20683.5938	-61.818439
20686.5234	-61.886497
20689.4531	-61.956635
20692.3828	-62.027683
20695.3125	-62.094124
20698.2422	-62.159958
20701.1719	-62.227779
20704.1016	-62.295986
20707.0312	-62.360424
20709.9609	-62.423855
20712.8906	-62.487797
20715.8203	-62.548580
20718.7500	-62.608452
20721.6797	-62.671207
20724.6094	-62.735271
20727.5391	-62.796680
20730.4688	-62.856991
20733.3984	-62.918793
20736.3281	-62.978905
20739.2578	-63.037964
20742.1875	-63.091946
20745.1172	-63.134842
20748.0469	-63.177979
20750.9766	-63.226528
20753.9062	-63.273342
20756.8359	-63.318710
20759.7656	-63.362022
20762.6953	-63.404392
20765.6250	-63.450722
20768.5547	-63.497890
20771.4844	-63.541130
20774.4141	-63.581047
20777.3438	-63.620892
20780.2734	-63.663551
20783.2031	-63.707890
20786.1328	-63.753036
20789.0625	-63.797592
20791.9922	-63.837513
20794.9219	-63.876133
20797.8516	-63.917183
20800.7812	-63.957787
20803.7109	-63.997253
20806.6406	-64.037521
20809.5703	-64.080002
20812.5000	-64.120987
20815.4297	-64.158211
20818.3594	-64.193771
20821.2891	-64.230545
20824.2188	-64.270447
20827.1484	-64.309944
20830.0781	-64.347603
20833.0078	-64.383812
20835.9375	-64.420990
20838.8672	-64.459625
20841.7969	-64.497162
20844.7266	-64.536308
20847.6562	-64.572243
20850.5859	-64.604187
20853.5156	-64.642784
20856.4453	-64.681122
20859.3750	-64.713402
20862.3047	-64.749237
20865.2344	-64.789795
20868.1641	-64.826836
20871.0938	-64.856598
20874.0234	-64.885399
20876.9531	-64.914597
20879.8828	-64.944794
20882.8125	-64.976562
20885.7422	-65.008003
20888.6719	-65.038124
20891.6016	-65.068100
20894.5312	-65.098488
20897.4609	-65.127060
20900.3906	-65.153702
20903.3203	-65.183128
20906.2500	-65.217117
20909.1797	-65.251404
20912.1094	-65.280533
20915.0391	-65.306175
20917.9688	-65.334763
20920.8984	-65.361565
20923.8281	-65.386726
20926.7578	-65.416191
20929.6875	-65.448311
20932.6172	-65.480835
20935.5469	-65.508522
20938.4766	-65.536430
20941.4062	-65.568192
20944.3359	-65.594719
20947.2656	-65.618584
20950.1953	-65.647530
20953.1250	-65.675728
20956.0547	-65.701210
20958.9844	-65.733986
20961.9141	-65.767532
20964.8438	-65.791107
20967.7734	-65.814369
20970.7031	-65.842201
20973.6328	-65.870712
20976.5625	-65.900330
20979.4922	-65.929558
20982.4219	-65.956886
20985.3516	-65.984383
20988.2812	-66.014534
20991.2109	-66.042572
20994.1406	-66.066742
20997.0703	-66.093193
21000.0000	-66.116066
21002.9297	-66.134293
21005.8594	-66.154182
21008.7891	-66.176346
21011.7188	-66.197731
21014.6484	-66.214890
21017.5781	-66.232147
21020.5078	-66.251671
21023.4375	-66.270370
21026.3672	-66.287109
21029.2969	-66.304077
21032.2266	-66.320908
21035.1562	-66.337700
21038.0859	-66.358734
21041.0156	-66.383385
21043.9453	-66.403458
21046.8750	-66.418823
21049.8047	-66.438126
21052.7344	-66.457291
21055.6641	-66.470139
21058.5938	-66.486725
21061.5234	-66.508369
21064.4531	-66.524529
21067.3828	-66.542747
21070.3125	-66.567673
21073.2422	-66.589355
21076.1719	-66.606079
21079.1016	-66.624695
21082.0312	-66.647224
21084.9609	-66.670937
21087.8906	-66.690491
21090.8203	-66.703850
21093.7500	-66.719048
21096.6797	-66.740028
21099.6094	-66.761848
21102.5391	-66.781738
21105.4688	-66.801521
21108.3984	-66.820061
21111.3281	-66.838249
21114.2578	-66.857773
21117.1875	-66.875397
21120.1172	-66.891548
21123.0469	-66.911530
21125.9766	-66.934914
21128.9062	-66.953758
21131.8359	-66.970215
21134.7656	-66.984932
21137.6953	-66.997665
21140.6250	-67.010086
21143.5547	-67.023537
21146.4844	-67.038803
21149.4141	-67.054482
21152.3438	-67.071213
21155.2734	-67.085884
21158.2031	-67.096451
21161.1328	-67.109306
21164.0625	-67.126839
21166.9922	-67.143608
21169.9219	-67.161140
21172.8516	-67.182350
21175.7812	-67.201302
21178.7109	-67.214195
21181.6406	-67.228355
21184.5703	-67.245720
21187.5000	-67.260406
21190.4297	-67.274635
21193.3594	-67.287697
21196.2891	-67.304405
21199.2188	-67.326126
21202.1484	-67.343590
21205.0781	-67.363937
21208.0078	-67.386482
21210.9375	-67.401756
21213.8672	-67.417664
21216.7969	-67.438538
21219.7266	-67.457062
21222.6562	-67.469955
21225.5859	-67.479401
21228.5156	-67.492683
21231.4453	-67.515190
21234.3750	-67.538200
21237.3047	-67.556084
21240.2344	-67.570442
21243.1641	-67.590385
21246.0938	-67.611824
21249.0234	-67.628967
21251.9531	-67.650940
21254.8828	-67.672905
21257.8125	-67.689407
21260.7422	-67.697220
21263.6719	-67.708847
21266.6016	-67.719879
21269.5312	-67.727013
21272.4609	-67.735542
21275.3906	-67.745277
21278.3203	-67.757332
21281.2500	-67.766663
21284.1797	-67.772041
21287.1094	-67.778816
21290.0391	-67.785255
21292.9688	-67.796555
21295.8984	-67.812904
21298.8281	-67.826241
21301.7578	-67.837250
21304.6875	-67.844704
21307.6172	-67.854912
21310.5469	-67.868614
21313.4766	-67.877319
21316.4062	-67.891632
21319.3359	-67.908127
21322.2656	-67.918610
21325.1953	-67.928177
21328.1250	-67.933701
21331.0547	-67.942024
21333.9844	-67.957413
21336.9141	-67.970161
21339.8438	-67.980125
21342.7734	-67.990555
21345.7031	-68.000908
21348.6328	-68.014824
21351.5625	-68.032433
21354.4922	-68.047203
21357.4219	-68.059616
21360.3516	-68.070671
21363.2812	-68.078392
21366.2109	-68.088455
21369.1406	-68.103668
21372.0703	-68.121414
21375.0000	-68.134262
21377.9297	-68.144127
21380.8594	-68.162338
21383.7891	-68.175522
21386.7188	-68.181107
21389.6484	-68.197258
21392.5781	-68.216782
21395.5078	-68.228035
21398.4375	-68.236885
21401.3672	-68.253601
21404.2969	-68.274673
21407.2266	-68.287865
21410.1562	-68.297333
21413.0859	-68.310677
21416.0156	-68.328766
21418.9453	-68.348602
21421.8750	-68.365730
21424.8047	-68.382034
21427.7344	-68.400452
21430.6641	-68.408302
21433.5938	-68.411377
21436.5234	-68.416222
21439.4531	-68.420647
21442.3828	-68.426865
21445.3125	-68.436577
21448.2422	-68.444153
21451.1719	-68.447510
21454.1016	-68.452950
21457.0312	-68.462067
21459.9609	-68.466873
21462.8906	-68.473206
21465.8203	-68.482376
21468.7500	-68.489006
21471.6797	-68.496002
21474.6094	-68.504379
21477.5391	-68.515144
21480.4688	-68.524178
21483.3984	-68.525040
21486.3281	-68.524490
21489.2578	-68.533127
21492.1875	-68.543571
21495.1172	-68.552124
21498.0469	-68.565689
21500.9766	-68.579300
21503.9062	-68.590919
21506.8359	-68.600662
21509.7656	-68.606560
21512.6953	-68.614136
21515.6250	-68.624977
21518.5547	-68.635582
21521.4844	-68.644310
21524.4141	-68.653206
21527.3438	-68.663216
21530.2734	-68.671417
21533.2031	-68.683350
21536.1328	-68.697945
21539.0625	-68.707283
21541.9922	-68.718185
21544.9219	-68.730240
21547.8516	-68.742188
21550.7812	-68.754692
21553.7109	-68.761200
21556.6406	-68.771240
21559.5703	-68.786392
21562.5000	-68.797836
21565.4297	-68.803078
21568.3594	-68.809204
21571.2891	-68.821396
21574.2188	-68.830780
21577.1484	-68.835075
21580.0781	-68.841919
21583.0078	-68.848007
21585.9375	-68.851479
21588.8672	-68.859978
21591.7969	-68.871109
21594.7266	-68.881935
21597.6562	-68.894096
21600.5859	-68.904388
21603.5156	-68.913307
21606.4453	-68.918732
21609.3750	-68.923492
21612.3047	-68.934113
21615.2344	-68.945747
21618.1641	-68.953651
21621.0938	-68.959518
21624.0234	-68.971390
21626.9531	-68.986229
21629.8828	-68.995537
21632.8125	-69.003326
21635.7422	-69.014908
21638.6719	-69.026947
21641.6016	-69.035843
21644.5312	-69.044594
21647.4609	-69.057098
21650.3906	-69.072899
21653.3203	-69.085396
21656.2500	-69.090416
21659.1797	-69.099770
21662.1094	-69.111732
21665.0391	-69.119499
21667.9688	-69.133011
21670.8984	-69.152702
21673.8281	-69.166977
21676.7578	-69.175293
21679.6875	-69.188675
21682.6172	-69.202385
21685.5469	-69.210777
21688.4766	-69.218452
21691.4062	-69.226173
21694.3359	-69.227455
21697.2656	-69.229912
21700.1953	-69.233086
21703.1250	-69.232140
21706.0547	-69.236847
21708.9844	-69.244392
21711.9141	-69.249886
21714.8438	-69.255630
21717.7734	-69.262985
21720.7031	-69.268738
21723.6328	-69.269440
21726.5625	-69.271187
21729.4922	-69.276154
21732.4219	-69.282806
21735.3516	-69.291008
21738.2812	-69.298378
21741.2109	-69.303253
21744.1406	-69.308922
21747.0703	-69.318077
21750.0000	-69.325996
21752.9297	-69.328827
21755.8594	-69.329903
21758.7891	-69.338867
21761.7188	-69.353310
21764.6484	-69.362434
21767.5781	-69.365379
21770.5078	-69.371864
21773.4375	-69.385040
21776.3672	-69.395554
21779.2969	-69.402130
21782.2266	-69.409363
21785.1562	-69.414116
21788.0859	-69.420273
21791.0156	-69.432022
21793.9453	-69.439346
21796.8750	-69.447754
21799.8047	-69.465515
21802.7344	-69.476257
21805.6641	-69.476440
21808.5938	-69.481567
21811.5234	-69.488968
21814.4531	-69.496155
21817.3828	-69.507133
21820.3125	-69.515144
21823.2422	-69.519745
21826.1719	-69.524399
21829.1016	-69.531326
21832.0312	-69.539749
21834.9609	-69.544777
21837.8906	-69.552742
21840.8203	-69.562027
21843.7500	-69.562729
21846.6797	-69.565971
21849.6094	-69.576401
21852.5391	-69.580627
21855.4688	-69.580589
21858.3984	-69.588440
21861.3281	-69.600601
21864.2578	-69.611610
21867.1875	-69.620346
21870.1172	-69.624802
21873.0469	-69.630898
21875.9766	-69.638878
21878.9062	-69.647324
21881.8359	-69.657494
21884.7656	-69.660774
21887.6953	-69.665253
21890.6250	-69.678703
21893.5547	-69.693024
21896.4844	-69.703949
21899.4141	-69.708359
21902.3438	-69.714973
21905.2734	-69.732460
21908.2031	-69.748398
21911.1328	-69.753418
21914.0625	-69.757378
21916.9922	-69.763390
21919.9219	-69.774246
21922.8516	-69.789551
21925.7812	-69.802467
21928.7109	-69.813515
21931.6406	-69.822060
21934.5703	-69.831787
21937.5000	-69.847549
21940.4297	-69.860657
21943.3594	-69.871513
21946.2891	-69.876076
21949.2188	-69.870979
21952.1484	-69.869209
21955.0781	-69.879997
21958.0078	-69.889832
21960.9375	-69.885437
21963.8672	-69.880135
21966.7969	-69.881149
21969.7266	-69.887283
21972.6562	-69.898621
21975.5859	-69.906151
21978.5156	-69.904617
21981.4453	-69.902756
21984.3750	-69.905724
21987.3047	-69.909225
21990.2344	-69.913994
21993.1641	-69.915909
21996.0938	-69.918114
21999.0234	-69.931770
22001.9531	-69.943451
22004.8828	-69.945282
22007.8125	-69.946777
22010.7422	-69.946007
22013.6719	-69.948555
22016.6016	-69.958984
22019.5312	-69.966141
22022.4609	-69.971291
22025.3906	-69.979973
22028.3203	-69.983871
22031.2500	-69.985687
22034.1797	-69.995728
22037.1094	-70.006271
22040.0391	-70.016472
22042.9688	-70.029472
22045.8984	-70.034843
22048.8281	-70.034584
22051.7578	-70.038406
22054.6875	-70.042961
22057.6172	-70.048943
22060.5469	-70.056961
22063.4766	-70.060364
