;Freq(Hz)	Relative Amplitude (dB): Left
17961.9141	-73.815224
17964.8438	-73.825516
17967.7734	-73.829033
17970.7031	-73.833282
17973.6328	-73.835167
17976.5625	-73.836586
17979.4922	-73.850616
17982.4219	-73.866524
17985.3516	-73.876228
17988.2812	-73.887642
17991.2109	-73.898849
17994.1406	-73.909798
17997.0703	-73.918434
18000.0000	-73.922951
18002.9297	-73.926315
18005.8594	-73.937439
18008.7891	-73.950623
18011.7188	-73.953537
18014.6484	-73.962486
18017.5781	-73.982208
18020.5078	-74.000763
18023.4375	-74.013687
18026.3672	-74.022430
18029.2969	-74.030106
18032.2266	-74.035110
18035.1562	-74.036690
18038.0859	-74.049133
18041.0156	-74.072258
18043.9453	-74.083252
18046.8750	-74.089035
18049.8047	-74.101028
18052.7344	-74.110741
18055.6641	-74.119156
18058.5938	-74.133423
18061.5234	-74.146431
18064.4531	-74.162498
18067.3828	-74.180954
18070.3125	-74.186661
18073.2422	-74.192886
18076.1719	-74.204063
18079.1016	-74.212540
18082.0312	-74.225639
18084.9609	-74.232979
18087.8906	-74.223206
18090.8203	-74.221855
18093.7500	-74.229858
18096.6797	-74.231216
18099.6094	-74.236221
18102.5391	-74.252739
18105.4688	-74.271545
18108.3984	-74.272758
18111.3281	-74.266434
18114.2578	-74.275131
18117.1875	-74.286255
18120.1172	-74.287125
18123.0469	-74.285980
18125.9766	-74.295509
18128.9062	-74.319855
18131.8359	-74.333862
18134.7656	-74.334404
18137.6953	-74.342117
18140.6250	-74.355980
18143.5547	-74.372581
18146.4844	-74.385307
18149.4141	-74.387550
18152.3438	-74.386459
18155.2734	-74.392792
18158.2031	-74.403442
18161.1328	-74.415146
18164.0625	-74.432243
18166.9922	-74.444389
18169.9219	-74.448067
18172.8516	-74.452400
18175.7812	-74.457031
18178.7109	-74.468849
18181.6406	-74.492798
18184.5703	-74.505196
18187.5000	-74.504845
18190.4297	-74.521011
18193.3594	-74.541847
18196.2891	-74.551270
18199.2188	-74.558876
18202.1484	-74.567230
18205.0781	-74.579025
18208.0078	-74.593353
18210.9375	-74.600655
18213.8672	-74.607056
18216.7969	-74.632347
18219.7266	-74.655151
18222.6562	-74.656738
18225.5859	-74.667198
18228.5156	-74.690536
18231.4453	-74.708534
18234.3750	-74.721809
18237.3047	-74.732697
18240.2344	-74.749481
18243.1641	-74.777046
18246.0938	-74.796631
18249.0234	-74.795700
18251.9531	-74.794731
18254.8828	-74.794647
18257.8125	-74.802673
18260.7422	-74.814400
18263.6719	-74.819626
18266.6016	-74.827126
18269.5312	-74.833565
18272.4609	-74.832642
18275.3906	-74.837952
18278.3203	-74.844109
18281.2500	-74.845627
18284.1797	-74.857620
18287.1094	-74.874687
18290.0391	-74.895813
18292.9688	-74.907967
18295.8984	-74.900970
18298.8281	-74.894836
18301.7578	-74.896904
18304.6875	-74.907913
18307.6172	-74.923073
18310.5469	-74.927887
18313.4766	-74.935478
18316.4062	-74.954025
18319.3359	-74.970047
18322.2656	-74.981850
18325.1953	-74.987457
18328.1250	-74.995239
18331.0547	-75.011765
18333.9844	-75.028099
18336.9141	-75.037933
18339.8438	-75.047997
18342.7734	-75.060486
18345.7031	-75.064499
18348.6328	-75.072784
18351.5625	-75.090073
18354.4922	-75.102859
18357.4219	-75.125946
18360.3516	-75.151146
18363.2812	-75.151855
18366.2109	-75.151855
18369.1406	-75.157860
18372.0703	-75.168755
18375.0000	-75.195305
18377.9297	-75.209778
18380.8594	-75.206551
18383.7891	-75.201347
18386.7188	-75.204216
18389.6484	-75.226715
18392.5781	-75.250198
18395.5078	-75.263702
18398.4375	-75.271851
18401.3672	-75.273392
18404.2969	-75.280838
18407.2266	-75.296684
18410.1562	-75.312805
18413.0859	-75.326988
18416.0156	-75.337807
18418.9453	-75.346924
18421.8750	-75.356194
18424.8047	-75.366127
18427.7344	-75.381729
18430.6641	-75.397285
18433.5938	-75.403381
18436.5234	-75.415306
18439.4531	-75.442780
18442.3828	-75.467201
18445.3125	-75.476692
18448.2422	-75.481209
18451.1719	-75.489326
18454.1016	-75.501930
18457.0312	-75.524719
18459.9609	-75.548538
18462.8906	-75.558258
18465.8203	-75.566162
18468.7500	-75.584648
18471.6797	-75.596313
18474.6094	-75.606186
18477.5391	-75.630493
18480.4688	-75.650742
18483.3984	-75.663818
18486.3281	-75.686653
18489.2578	-75.702087
18492.1875	-75.710320
18495.1172	-75.727684
18498.0469	-75.740082
18500.9766	-75.754990
18503.9062	-75.774094
18506.8359	-75.783943
18509.7656	-75.785034
18512.6953	-75.797523
18515.6250	-75.814842
18518.5547	-75.818199
18521.4844	-75.819305
18524.4141	-75.829872
18527.3438	-75.843384
18530.2734	-75.861084
18533.2031	-75.874817
18536.1328	-75.876823
18539.0625	-75.887871
18541.9922	-75.905495
18544.9219	-75.911545
18547.8516	-75.912544
18550.7812	-75.918625
18553.7109	-75.938034
18556.6406	-75.955688
18559.5703	-75.965973
18562.5000	-75.982956
18565.4297	-76.006210
18568.3594	-76.019173
18571.2891	-76.013664
18574.2188	-76.021088
18577.1484	-76.048050
18580.0781	-76.063042
18583.0078	-76.065765
18585.9375	-76.066414
18588.8672	-76.074463
18591.7969	-76.096802
18594.7266	-76.111778
18597.6562	-76.122101
18600.5859	-76.138451
18603.5156	-76.150719
18606.4453	-76.160194
18609.3750	-76.171829
18612.3047	-76.184296
18615.2344	-76.198929
18618.1641	-76.216171
18621.0938	-76.235931
18624.0234	-76.253540
18626.9531	-76.264275
18629.8828	-76.274002
18632.8125	-76.289558
18635.7422	-76.308472
18638.6719	-76.321281
18641.6016	-76.324455
18644.5312	-76.335312
18647.4609	-76.352112
18650.3906	-76.353973
18653.3203	-76.354431
18656.2500	-76.366730
18659.1797	-76.387131
18662.1094	-76.402489
18665.0391	-76.409233
18667.9688	-76.422783
18670.8984	-76.438965
18673.8281	-76.451942
18676.7578	-76.458984
18679.6875	-76.461342
18682.6172	-76.471069
18685.5469	-76.485039
18688.4766	-76.495216
18691.4062	-76.513657
18694.3359	-76.542839
18697.2656	-76.559685
18700.1953	-76.558128
18703.1250	-76.560051
18706.0547	-76.583733
18708.9844	-76.614456
18711.9141	-76.630646
18714.8438	-76.637962
18717.7734	-76.642548
18720.7031	-76.652229
18723.6328	-76.681572
18726.5625	-76.717224
18729.4922	-76.741409
18732.4219	-76.765320
18735.3516	-76.799194
18738.2812	-76.827888
18741.2109	-76.836662
18744.1406	-76.840317
18747.0703	-76.853493
18750.0000	-76.878517
18752.9297	-76.909950
18755.8594	-76.934441
18758.7891	-76.969673
18761.7188	-77.005974
18764.6484	-77.016228
18767.5781	-77.019890
18770.5078	-77.020294
18773.4375	-77.031654
18776.3672	-77.051193
18779.2969	-77.078651
18782.2266	-77.103973
18785.1562	-77.119194
18788.0859	-77.137619
18791.0156	-77.153198
18793.9453	-77.174019
18796.8750	-77.205421
18799.8047	-77.234924
18802.7344	-77.253159
18805.6641	-77.258858
18808.5938	-77.272476
18811.5234	-77.303085
18814.4531	-77.329765
18817.3828	-77.343613
18820.3125	-77.354332
18823.2422	-77.370659
18826.1719	-77.392761
18829.1016	-77.418175
18832.0312	-77.443436
18834.9609	-77.468018
18837.8906	-77.502945
18840.8203	-77.543846
18843.7500	-77.574112
18846.6797	-77.582092
18849.6094	-77.578194
18852.5391	-77.585678
18855.4688	-77.606506
18858.3984	-77.645233
18861.3281	-77.682716
18864.2578	-77.703278
18867.1875	-77.736343
18870.1172	-77.767441
18873.0469	-77.781075
18875.9766	-77.802994
18878.9062	-77.846619
18881.8359	-77.897781
18884.7656	-77.924377
18887.6953	-77.938599
18890.6250	-77.962524
18893.5547	-77.987808
18896.4844	-77.999046
18899.4141	-77.995636
18902.3438	-78.003700
18905.2734	-78.032600
18908.2031	-78.069870
18911.1328	-78.104210
18914.0625	-78.133446
18916.9922	-78.163040
18919.9219	-78.204384
18922.8516	-78.245026
18925.7812	-78.276466
18928.7109	-78.321236
18931.6406	-78.363319
18934.5703	-78.395126
18937.5000	-78.420982
18940.4297	-78.445656
18943.3594	-78.473526
18946.2891	-78.500343
18949.2188	-78.514015
18952.1484	-78.523041
18955.0781	-78.531319
18958.0078	-78.544785
18960.9375	-78.564301
18963.8672	-78.565697
18966.7969	-78.575027
18969.7266	-78.609573
18972.6562	-78.642601
18975.5859	-78.668335
18978.5156	-78.687592
18981.4453	-78.705177
18984.3750	-78.727524
18987.3047	-78.750397
18990.2344	-78.750122
18993.1641	-78.747101
18996.0938	-78.777374
18999.0234	-78.812263
19001.9531	-78.833603
19004.8828	-78.853676
19007.8125	-78.879372
19010.7422	-78.909142
19013.6719	-78.951096
19016.6016	-78.998032
19019.5312	-79.040947
19022.4609	-79.072296
19025.3906	-79.075478
19028.3203	-79.084007
19031.2500	-79.105629
19034.1797	-79.120056
19037.1094	-79.141037
19040.0391	-79.158813
19042.9688	-79.172203
19045.8984	-79.217339
19048.8281	-79.259941
19051.7578	-79.270363
19054.6875	-79.290031
19057.6172	-79.320709
19060.5469	-79.345985
19063.4766	-79.361839
19066.4062	-79.372726
19069.3359	-79.390388
19072.2656	-79.405197
19075.1953	-79.420364
19078.1250	-79.435211
19081.0547	-79.454590
19083.9844	-79.506828
19086.9141	-79.573837
19089.8438	-79.630089
19092.7734	-79.662598
19095.7031	-79.679451
19098.6328	-79.703667
19101.5625	-79.729942
19104.4922	-79.760796
19107.4219	-79.789505
19110.3516	-79.825073
19113.2812	-79.890274
19116.2109	-79.945801
19119.1406	-79.976349
19122.0703	-80.018631
19125.0000	-80.065582
19127.9297	-80.094330
19130.8594	-80.121933
19133.7891	-80.159317
19136.7188	-80.200638
19139.6484	-80.243439
19142.5781	-80.271637
19145.5078	-80.297508
19148.4375	-80.343330
19151.3672	-80.371468
19154.2969	-80.386055
19157.2266	-80.422028
19160.1562	-80.469910
19163.0859	-80.519348
19166.0156	-80.558823
19168.9453	-80.599052
19171.8750	-80.656158
19174.8047	-80.699097
19177.7344	-80.730682
19180.6641	-80.784546
19183.5938	-80.830925
19186.5234	-80.873459
19189.4531	-80.933594
19192.3828	-80.978058
19195.3125	-80.983658
19198.2422	-81.002930
19201.1719	-81.024338
19204.1016	-81.048851
19207.0312	-81.078613
19209.9609	-81.101738
19212.8906	-81.141327
19215.8203	-81.181015
19218.7500	-81.228371
19221.6797	-81.287880
19224.6094	-81.317055
19227.5391	-81.338776
19230.4688	-81.377693
19233.3984	-81.421486
19236.3281	-81.473106
19239.2578	-81.529388
19242.1875	-81.554039
19245.1172	-81.595314
19248.0469	-81.666725
19250.9766	-81.722374
19253.9062	-81.794785
19256.8359	-81.859962
19259.7656	-81.896805
19262.6953	-81.941566
19265.6250	-81.999718
19268.5547	-82.037819
19271.4844	-82.048355
19274.4141	-82.081955
19277.3438	-82.140526
19280.2734	-82.191689
19283.2031	-82.257927
19286.1328	-82.348511
19289.0625	-82.429893
19291.9922	-82.478821
19294.9219	-82.520004
19297.8516	-82.588028
19300.7812	-82.651596
19303.7109	-82.700829
19306.6406	-82.770020
19309.5703	-82.829666
19312.5000	-82.874619
19315.4297	-82.931427
19318.3594	-82.982918
19321.2891	-83.028267
19324.2188	-83.074974
19327.1484	-83.140633
19330.0781	-83.209946
19333.0078	-83.262947
19335.9375	-83.324326
19338.8672	-83.381226
19341.7969	-83.471855
19344.7266	-83.587997
19347.6562	-83.646461
19350.5859	-83.681725
19353.5156	-83.719627
19356.4453	-83.775970
19359.3750	-83.879501
19362.3047	-83.984344
19365.2344	-84.058105
19368.1641	-84.092728
19371.0938	-84.137085
19374.0234	-84.197533
19376.9531	-84.264236
19379.8828	-84.324066
19382.8125	-84.377815
19385.7422	-84.440704
19388.6719	-84.521790
19391.6016	-84.594017
19394.5312	-84.655655
19397.4609	-84.722679
19400.3906	-84.788818
19403.3203	-84.881165
19406.2500	-84.981354
19409.1797	-85.032043
19412.1094	-85.078476
19415.0391	-85.161880
19417.9688	-85.256638
19420.8984	-85.328125
19423.8281	-85.394753
19426.7578	-85.486252
19429.6875	-85.590828
19432.6172	-85.680939
19435.5469	-85.756348
19438.4766	-85.840012
19441.4062	-85.908371
19444.3359	-85.976173
19447.2656	-86.075127
19450.1953	-86.150436
19453.1250	-86.189362
19456.0547	-86.265358
19458.9844	-86.392120
19461.9141	-86.512962
19464.8438	-86.617989
19467.7734	-86.717140
19470.7031	-86.797485
19473.6328	-86.902290
19476.5625	-87.026756
19479.4922	-87.116699
19482.4219	-87.247505
19485.3516	-87.404602
19488.2812	-87.479347
19491.2109	-87.543861
19494.1406	-87.650322
19497.0703	-87.731682
19500.0000	-87.805923
19502.9297	-87.916687
19505.8594	-88.082260
19508.7891	-88.254021
19511.7188	-88.348541
19514.6484	-88.454277
19517.5781	-88.592232
19520.5078	-88.691208
19523.4375	-88.774765
19526.3672	-88.882301
19529.2969	-89.065117
19532.2266	-89.232048
19535.1562	-89.302780
19538.0859	-89.397003
19541.0156	-89.576149
19543.9453	-89.764656
19546.8750	-89.921509
19549.8047	-90.101662
19552.7344	-90.304573
19555.6641	-90.452286
19558.5938	-90.560852
19561.5234	-90.711182
19564.4531	-90.860565
19567.3828	-90.994873
19570.3125	-91.184143
19573.2422	-91.381958
19576.1719	-91.538879
19579.1016	-91.739510
19582.0312	-92.034241
19584.9609	-92.295158
19587.8906	-92.428307
19590.8203	-92.555634
19593.7500	-92.806046
19596.6797	-93.062721
19599.6094	-93.269699
19602.5391	-93.531288
19605.4688	-93.773056
19608.3984	-94.013763
19611.3281	-94.339493
19614.2578	-94.679276
19617.1875	-94.951096
19620.1172	-95.163612
19623.0469	-95.394226
19625.9766	-95.707787
19628.9062	-96.048668
19631.8359	-96.335098
19634.7656	-96.557571
19637.6953	-96.829674
19640.6250	-97.266113
19643.5547	-97.814087
19646.4844	-98.404694
19649.4141	-98.804482
19652.3438	-99.049484
19655.2734	-99.462555
19658.2031	-100.140038
19661.1328	-100.781563
19664.0625	-101.201187
19666.9922	-101.658577
19669.9219	-102.271065
19672.8516	-103.131462
19675.7812	-103.996323
19678.7109	-104.937599
19681.6406	-106.299416
19684.5703	-107.527519
19687.5000	-108.406738
19690.4297	-109.672447
19693.3594	-111.703094
19696.2891	-113.472870
19699.2188	-114.576126
19702.1484	-116.506920
19705.0781	-118.015717
19708.0078	-117.474174
19710.9375	-116.042099
19713.8672	-114.347717
19716.7969	-112.460503
19719.7266	-110.554390
19722.6562	-108.829628
19725.5859	-107.391273
19728.5156	-106.002243
19731.4453	-104.822052
19734.3750	-103.982964
19737.3047	-103.175560
19740.2344	-102.456741
19743.1641	-101.887245
19746.0938	-101.257889
19749.0234	-100.550163
19751.9531	-99.937195
19754.8828	-99.347481
19757.8125	-98.819557
19760.7422	-98.461533
19763.6719	-98.096016
19766.6016	-97.630112
19769.5312	-97.170639
19772.4609	-96.714241
19775.3906	-96.208054
19778.3203	-95.832222
19781.2500	-95.550209
19784.1797	-95.197166
19787.1094	-94.810257
19790.0391	-94.439728
19792.9688	-94.046127
19795.8984	-93.708542
19798.8281	-93.483498
19801.7578	-93.256851
19804.6875	-93.046898
19807.6172	-92.843575
19810.5469	-92.550392
19813.4766	-92.279831
19816.4062	-92.097900
19819.3359	-91.842041
19822.2656	-91.526962
19825.1953	-91.269020
19828.1250	-91.005280
19831.0547	-90.734818
19833.9844	-90.528198
19836.9141	-90.355247
19839.8438	-90.118401
19842.7734	-89.881615
19845.7031	-89.690315
19848.6328	-89.496323
19851.5625	-89.317024
19854.4922	-89.156174
19857.4219	-88.975769
19860.3516	-88.773117
19863.2812	-88.558960
19866.2109	-88.389183
19869.1406	-88.266525
19872.0703	-88.115387
19875.0000	-87.918747
19877.9297	-87.753639
19880.8594	-87.595901
19883.7891	-87.395241
19886.7188	-87.198463
19889.6484	-87.034996
19892.5781	-86.901024
19895.5078	-86.756737
19898.4375	-86.595406
19901.3672	-86.421272
19904.2969	-86.270287
19907.2266	-86.150917
19910.1562	-85.989723
19913.0859	-85.806786
19916.0156	-85.669312
19918.9453	-85.526505
19921.8750	-85.387947
19924.8047	-85.299759
19927.7344	-85.191978
19930.6641	-85.033646
19933.5938	-84.858276
19936.5234	-84.720451
19939.4531	-84.596245
19942.3828	-84.446701
19945.3125	-84.338425
19948.2422	-84.243759
19951.1719	-84.103745
19954.1016	-83.954216
19957.0312	-83.834663
19959.9609	-83.751122
19962.8906	-83.657982
19965.8203	-83.551697
19968.7500	-83.440025
19971.6797	-83.295174
19974.6094	-83.164375
19977.5391	-83.075752
19980.4688	-82.976967
19983.3984	-82.843170
19986.3281	-82.710106
19989.2578	-82.604774
19992.1875	-82.502960
19995.1172	-82.405212
19998.0469	-82.297096
20000.9766	-82.183060
20003.9062	-82.093727
20006.8359	-81.983727
20009.7656	-81.870247
20012.6953	-81.778458
20015.6250	-81.684540
20018.5547	-81.581657
20021.4844	-81.469841
20024.4141	-81.371971
20027.3438	-81.273338
20030.2734	-81.171684
20033.2031	-81.080406
20036.1328	-80.990906
20039.0625	-80.907326
20041.9922	-80.813850
20044.9219	-80.684189
20047.8516	-80.563469
20050.7812	-80.466667
20053.7109	-80.358566
20056.6406	-80.255630
20059.5703	-80.161850
20062.5000	-80.076645
20065.4297	-79.983543
20068.3594	-79.893730
20071.2891	-79.800034
20074.2188	-79.692169
20077.1484	-79.584877
20080.0781	-79.495728
20083.0078	-79.427513
20085.9375	-79.331078
20088.8672	-79.219200
20091.7969	-79.135117
20094.7266	-79.050056
20097.6562	-78.944496
20100.5859	-78.831612
20103.5156	-78.734810
20106.4453	-78.657509
20109.3750	-78.577080
20112.3047	-78.493431
20115.2344	-78.412575
20118.1641	-78.326241
20121.0938	-78.232727
20124.0234	-78.137901
20126.9531	-78.051727
20129.8828	-77.963585
20132.8125	-77.870132
20135.7422	-77.781815
20138.6719	-77.698196
20141.6016	-77.620354
20144.5312	-77.539406
20147.4609	-77.443810
20150.3906	-77.346878
20153.3203	-77.259018
20156.2500	-77.175331
20159.1797	-77.101036
20162.1094	-77.016548
20165.0391	-76.924408
20167.9688	-76.850067
20170.8984	-76.772461
20173.8281	-76.687538
20176.7578	-76.611542
20179.6875	-76.536163
20182.6172	-76.445709
20185.5469	-76.354752
20188.4766	-76.272919
20191.4062	-76.196053
20194.3359	-76.121330
20197.2656	-76.046211
20200.1953	-75.969856
20203.1250	-75.887482
20206.0547	-75.800774
20208.9844	-75.715012
20211.9141	-75.629784
20214.8438	-75.537491
20217.7734	-75.438293
20220.7031	-75.356392
20223.6328	-75.279716
20226.5625	-75.189590
20229.4922	-75.098801
20232.4219	-75.013359
20235.3516	-74.930794
20238.2812	-74.859047
20241.2109	-74.791161
20244.1406	-74.709656
20247.0703	-74.627823
20250.0000	-74.555862
20252.9297	-74.474358
20255.8594	-74.387741
20258.7891	-74.308571
20261.7188	-74.225807
20264.6484	-74.147873
20267.5781	-74.076378
20270.5078	-73.998901
20273.4375	-73.924957
20276.3672	-73.859947
20279.2969	-73.784744
20282.2266	-73.702538
20285.1562	-73.627495
20288.0859	-73.548561
20291.0156	-73.472885
20293.9453	-73.408203
20296.8750	-73.347092
20299.8047	-73.286865
20302.7344	-73.223175
20305.6641	-73.167023
20308.5938	-73.122070
20311.5234	-73.072578
20314.4531	-73.019119
20317.3828	-72.973473
20320.3125	-72.945381
20323.2422	-72.923103
20326.1719	-72.893074
20329.1016	-72.857315
20332.0312	-72.821106
20334.9609	-72.771568
20337.8906	-72.714622
20340.8203	-72.666626
20343.7500	-72.616211
20346.6797	-72.553894
20349.6094	-72.487984
20352.5391	-72.418655
20355.4688	-72.346001
20358.3984	-72.281158
20361.3281	-72.225479
20364.2578	-72.161118
20367.1875	-72.081253
20370.1172	-72.009338
20373.0469	-71.943169
20375.9766	-71.862755
20378.9062	-71.783157
20381.8359	-71.707108
20384.7656	-71.625130
20387.6953	-71.545959
20390.6250	-71.469055
20393.5547	-71.391930
20396.4844	-71.315598
20399.4141	-71.238029
20402.3438	-71.163574
20405.2734	-71.085129
20408.2031	-70.996590
20411.1328	-70.911079
20414.0625	-70.831696
20416.9922	-70.754265
20419.9219	-70.679535
20422.8516	-70.606979
20425.7812	-70.532600
20428.7109	-70.448372
20431.6406	-70.356049
20434.5703	-70.272720
20437.5000	-70.196884
20440.4297	-70.117195
20443.3594	-70.038818
20446.2891	-69.961151
20449.2188	-69.884506
20452.1484	-69.810860
20455.0781	-69.737549
20458.0078	-69.663513
20460.9375	-69.590698
20463.8672	-69.523094
20466.7969	-69.454330
20469.7266	-69.381561
20472.6562	-69.315002
20475.5859	-69.259224
20478.5156	-69.206787
20481.4453	-69.153030
20484.3750	-69.098892
20487.3047	-69.052246
20490.2344	-69.016144
20493.1641	-68.974655
20496.0938	-68.929268
20499.0234	-68.891884
20501.9531	-68.857719
20504.8828	-68.816948
20507.8125	-68.767517
20510.7422	-68.709869
20513.6719	-68.651138
20516.6016	-68.595169
20519.5312	-68.531792
20522.4609	-68.464256
20525.3906	-68.399811
20528.3203	-68.333107
20531.2500	-68.266373
20534.1797	-68.199326
20537.1094	-68.126610
20540.0391	-68.058304
20542.9688	-67.992897
20545.8984	-67.918732
20548.8281	-67.845512
20551.7578	-67.776688
20554.6875	-67.704636
20557.6172	-67.630951
20560.5469	-67.557304
20563.4766	-67.486565
20566.4062	-67.416046
20569.3359	-67.338081
20572.2656	-67.258476
20575.1953	-67.186005
20578.1250	-67.116661
20581.0547	-67.044121
20583.9844	-66.967331
20586.9141	-66.889397
20589.8438	-66.816711
20592.7734	-66.745888
20595.7031	-66.675461
20598.6328	-66.605843
20601.5625	-66.534546
20604.4922	-66.464790
20607.4219	-66.393318
20610.3516	-66.321747
20613.2812	-66.246338
20616.2109	-66.168800
20619.1406	-66.091553
20622.0703	-66.016403
20625.0000	-65.940842
20627.9297	-65.861435
20630.8594	-65.783112
20633.7891	-65.706795
20636.7188	-65.628075
20639.6484	-65.556747
20642.5781	-65.487076
20645.5078	-65.410820
20648.4375	-65.336960
20651.3672	-65.263283
20654.2969	-65.185997
20657.2266	-65.105598
20660.1562	-65.026512
20663.0859	-64.952744
20666.0156	-64.878952
20668.9453	-64.803406
20671.8750	-64.727165
20674.8047	-64.653336
20677.7344	-64.582504
20680.6641	-64.513329
20683.5938	-64.443153
20686.5234	-64.368217
20689.4531	-64.290840
20692.3828	-64.213531
20695.3125	-64.139114
20698.2422	-64.066650
20701.1719	-63.990032
20704.1016	-63.910889
20707.0312	-63.834892
20709.9609	-63.757957
20712.8906	-63.680813
20715.8203	-63.605721
20718.7500	-63.529373
20721.6797	-63.453205
20724.6094	-63.376644
20727.5391	-63.299183
20730.4688	-63.217644
20733.3984	-63.134041
20736.3281	-63.056873
20739.2578	-62.985008
20742.1875	-62.901081
20745.1172	-62.812454
20748.0469	-62.728279
20750.9766	-62.647579
20753.9062	-62.565388
20756.8359	-62.480732
20759.7656	-62.392334
20762.6953	-62.302670
20765.6250	-62.215878
20768.5547	-62.129131
20771.4844	-62.042549
20774.4141	-61.955303
20777.3438	-61.865459
20780.2734	-61.775887
20783.2031	-61.684914
20786.1328	-61.592052
20789.0625	-61.499405
20791.9922	-61.405384
20794.9219	-61.311058
20797.8516	-61.220364
20800.7812	-61.131927
20803.7109	-61.039848
20806.6406	-60.946373
20809.5703	-60.858089
20812.5000	-60.770630
20815.4297	-60.678806
20818.3594	-60.584454
20821.2891	-60.489349
20824.2188	-60.395222
20827.1484	-60.299793
20830.0781	-60.202168
20833.0078	-60.106411
20835.9375	-60.012432
20838.8672	-59.916683
20841.7969	-59.821156
20844.7266	-59.729000
20847.6562	-59.634228
20850.5859	-59.536625
20853.5156	-59.439392
20856.4453	-59.341095
20859.3750	-59.244247
20862.3047	-59.145332
20865.2344	-59.041508
20868.1641	-58.937996
20871.0938	-58.833218
20874.0234	-58.730343
20876.9531	-58.623348
20879.8828	-58.512619
20882.8125	-58.402332
20885.7422	-58.292679
20888.6719	-58.184772
20891.6016	-58.076862
20894.5312	-57.967522
20897.4609	-57.858932
20900.3906	-57.748814
20903.3203	-57.635033
20906.2500	-57.519489
20909.1797	-57.403511
20912.1094	-57.287998
20915.0391	-57.172188
20917.9688	-57.055935
20920.8984	-56.938667
20923.8281	-56.818890
20926.7578	-56.699387
20929.6875	-56.579144
20932.6172	-56.457054
20935.5469	-56.335716
20938.4766	-56.212875
20941.4062	-56.088211
20944.3359	-55.963161
20947.2656	-55.835850
20950.1953	-55.706032
20953.1250	-55.576206
20956.0547	-55.447567
20958.9844	-55.315876
20961.9141	-55.181477
20964.8438	-55.047794
20967.7734	-54.911617
20970.7031	-54.773819
20973.6328	-54.635567
20976.5625	-54.494831
20979.4922	-54.353695
20982.4219	-54.211945
20985.3516	-54.067570
20988.2812	-53.921749
20991.2109	-53.773697
20994.1406	-53.621414
20997.0703	-53.466507
21000.0000	-53.302101
21002.9297	-53.134968
21005.8594	-52.966061
21008.7891	-52.795399
21011.7188	-52.621971
21014.6484	-52.445084
21017.5781	-52.265133
21020.5078	-52.083817
21023.4375	-51.901020
21026.3672	-51.715118
21029.2969	-51.525154
21032.2266	-51.331772
21035.1562	-51.135159
21038.0859	-50.935204
21041.0156	-50.734924
21043.9453	-50.531326
21046.8750	-50.320759
21049.8047	-50.107765
21052.7344	-49.892044
21055.6641	-49.670727
21058.5938	-49.444508
21061.5234	-49.212963
21064.4531	-48.975853
21067.3828	-48.733631
21070.3125	-48.485275
21073.2422	-48.231506
21076.1719	-47.973251
21079.1016	-47.708328
21082.0312	-47.435966
21084.9609	-47.156242
21087.8906	-46.867893
21090.8203	-46.571350
21093.7500	-46.267780
21096.6797	-45.955872
21099.6094	-45.634357
21102.5391	-45.302773
21105.4688	-44.959232
21108.3984	-44.603008
21111.3281	-44.235165
21114.2578	-43.852932
21117.1875	-43.454060
21120.1172	-43.040485
21123.0469	-42.609833
21125.9766	-42.161560
21128.9062	-41.695362
21131.8359	-41.206886
21134.7656	-40.695053
21137.6953	-40.158112
21140.6250	-39.592110
21143.5547	-38.994289
21146.4844	-38.362209
21149.4141	-37.696125
21152.3438	-36.980286
21155.2734	-36.232487
21158.2031	-35.453007
21161.1328	-34.652752
21164.0625	-33.850777
21166.9922	-33.078655
21169.9219	-32.385780
21172.8516	-31.831799
21175.7812	-31.479374
21178.7109	-31.375963
21181.6406	-31.533068
21184.5703	-31.924458
21187.5000	-32.494118
21190.4297	-33.176762
21193.3594	-33.918640
21196.2891	-34.679543
21199.2188	-35.431271
21202.1484	-36.158890
21205.0781	-36.855686
21208.0078	-37.518681
21210.9375	-38.145504
21213.8672	-38.735546
21216.7969	-39.292545
21219.7266	-39.820816
21222.6562	-40.322670
21225.5859	-40.798382
21228.5156	-41.250858
21231.4453	-41.683792
21234.3750	-42.097412
21237.3047	-42.490368
21240.2344	-42.865936
21243.1641	-43.227028
21246.0938	-43.572559
21249.0234	-43.904278
21251.9531	-44.224895
21254.8828	-44.533203
21257.8125	-44.829277
21260.7422	-45.115997
21263.6719	-45.393112
21266.6016	-45.660057
21269.5312	-45.917610
21272.4609	-46.169575
21275.3906	-46.413895
21278.3203	-46.647926
21281.2500	-46.876759
21284.1797	-47.099270
21287.1094	-47.315414
21290.0391	-47.528381
21292.9688	-47.737606
21295.8984	-47.940678
21298.8281	-48.134964
21301.7578	-48.323063
21304.6875	-48.507481
21307.6172	-48.687260
21310.5469	-48.862316
21313.4766	-49.033257
21316.4062	-49.199512
21319.3359	-49.361542
21322.2656	-49.519100
21325.1953	-49.673656
21328.1250	-49.827473
21331.0547	-49.978539
21333.9844	-50.126942
21336.9141	-50.270771
21339.8438	-50.408657
21342.7734	-50.545055
21345.7031	-50.681477
21348.6328	-50.817921
21351.5625	-50.952099
21354.4922	-51.082191
21357.4219	-51.212406
21360.3516	-51.341206
21363.2812	-51.463596
21366.2109	-51.582100
21369.1406	-51.700283
21372.0703	-51.819233
21375.0000	-51.939064
21377.9297	-52.056664
21380.8594	-52.171131
21383.7891	-52.284771
21386.7188	-52.396805
21389.6484	-52.506584
21392.5781	-52.613327
21395.5078	-52.717930
21398.4375	-52.822884
21401.3672	-52.927528
21404.2969	-53.028961
21407.2266	-53.127502
21410.1562	-53.226006
21413.0859	-53.322922
21416.0156	-53.418751
21418.9453	-53.513474
21421.8750	-53.607941
21424.8047	-53.702339
21427.7344	-53.793854
21430.6641	-53.875381
21433.5938	-53.957489
21436.5234	-54.042080
21439.4531	-54.124123
21442.3828	-54.202942
21445.3125	-54.280781
21448.2422	-54.357708
21451.1719	-54.433884
21454.1016	-54.508171
21457.0312	-54.581226
21459.9609	-54.653275
21462.8906	-54.724884
21465.8203	-54.796989
21468.7500	-54.870125
21471.6797	-54.944206
21474.6094	-55.016693
21477.5391	-55.086311
21480.4688	-55.153996
21483.3984	-55.222858
21486.3281	-55.291332
21489.2578	-55.357452
21492.1875	-55.422726
21495.1172	-55.486771
21498.0469	-55.550926
21500.9766	-55.616280
21503.9062	-55.680847
21506.8359	-55.743568
21509.7656	-55.806328
21512.6953	-55.869442
21515.6250	-55.930210
21518.5547	-55.989925
21521.4844	-56.051609
21524.4141	-56.113655
21527.3438	-56.174065
21530.2734	-56.234695
21533.2031	-56.296127
21536.1328	-56.357033
21539.0625	-56.418163
21541.9922	-56.477348
21544.9219	-56.534214
21547.8516	-56.592773
21550.7812	-56.652153
21553.7109	-56.711021
21556.6406	-56.769730
21559.5703	-56.827511
21562.5000	-56.883003
21565.4297	-56.936375
21568.3594	-56.989658
21571.2891	-57.044247
21574.2188	-57.098530
21577.1484	-57.151497
21580.0781	-57.206493
21583.0078	-57.263416
21585.9375	-57.321632
21588.8672	-57.378277
21591.7969	-57.432148
21594.7266	-57.486267
21597.6562	-57.539642
21600.5859	-57.588177
21603.5156	-57.628716
21606.4453	-57.669903
21609.3750	-57.713253
21612.3047	-57.756008
21615.2344	-57.798130
21618.1641	-57.839981
21621.0938	-57.881561
21624.0234	-57.923786
21626.9531	-57.965405
21629.8828	-58.004913
21632.8125	-58.043602
21635.7422	-58.082661
21638.6719	-58.123112
21641.6016	-58.164127
21644.5312	-58.202503
21647.4609	-58.239819
21650.3906	-58.280392
21653.3203	-58.322979
21656.2500	-58.364189
21659.1797	-58.405197
21662.1094	-58.445839
21665.0391	-58.485893
21667.9688	-58.527695
21670.8984	-58.568829
21673.8281	-58.606323
21676.7578	-58.644753
21679.6875	-58.684303
21682.6172	-58.721333
21685.5469	-58.759350
21688.4766	-58.798691
21691.4062	-58.837421
21694.3359	-58.876850
21697.2656	-58.915695
21700.1953	-58.952259
21703.1250	-58.989967
21706.0547	-59.029491
21708.9844	-59.066025
21711.9141	-59.101978
21714.8438	-59.139431
21717.7734	-59.175694
21720.7031	-59.211929
21723.6328	-59.250038
21726.5625	-59.288849
21729.4922	-59.322697
21732.4219	-59.351295
21735.3516	-59.384739
21738.2812	-59.421505
21741.2109	-59.454628
21744.1406	-59.483891
21747.0703	-59.515812
21750.0000	-59.549191
21752.9297	-59.580769
21755.8594	-59.613121
21758.7891	-59.645245
21761.7188	-59.678043
21764.6484	-59.712433
21767.5781	-59.743649
21770.5078	-59.772766
21773.4375	-59.803844
21776.3672	-59.836884
21779.2969	-59.872299
21782.2266	-59.906158
21785.1562	-59.935276
21788.0859	-59.965866
21791.0156	-59.999237
21793.9453	-60.031155
21796.8750	-60.061817
21799.8047	-60.093555
21802.7344	-60.126328
21805.6641	-60.158119
21808.5938	-60.189014
21811.5234	-60.220589
21814.4531	-60.250046
21817.3828	-60.278347
21820.3125	-60.308926
21823.2422	-60.339043
21826.1719	-60.370628
21829.1016	-60.405571
21832.0312	-60.436962
21834.9609	-60.465717
21837.8906	-60.498314
21840.8203	-60.531937
21843.7500	-60.562309
21846.6797	-60.593048
21849.6094	-60.624344
21852.5391	-60.655598
21855.4688	-60.688015
21858.3984	-60.715954
21861.3281	-60.738670
21864.2578	-60.761726
21867.1875	-60.784481
21870.1172	-60.808384
21873.0469	-60.834141
21875.9766	-60.858837
21878.9062	-60.878960
21881.8359	-60.898808
21884.7656	-60.921021
21887.6953	-60.944202
21890.6250	-60.967197
21893.5547	-60.988991
21896.4844	-61.009785
21899.4141	-61.031166
21902.3438	-61.053738
21905.2734	-61.078209
21908.2031	-61.102718
21911.1328	-61.127102
21914.0625	-61.151939
21916.9922	-61.176189
21919.9219	-61.201488
21922.8516	-61.225033
21925.7812	-61.246162
21928.7109	-61.270023
21931.6406	-61.296432
21934.5703	-61.319317
21937.5000	-61.341129
21940.4297	-61.364841
21943.3594	-61.387962
21946.2891	-61.411041
21949.2188	-61.435329
21952.1484	-61.462097
21955.0781	-61.488045
21958.0078	-61.509968
21960.9375	-61.533791
21963.8672	-61.558762
21966.7969	-61.580574
21969.7266	-61.604191
21972.6562	-61.628201
21975.5859	-61.651001
21978.5156	-61.676544
21981.4453	-61.702709
21984.3750	-61.724457
21987.3047	-61.744747
21990.2344	-61.769836
21993.1641	-61.795078
21996.0938	-61.818848
21999.0234	-61.844555
22001.9531	-61.867519
22004.8828	-61.890827
22007.8125	-61.918324
22010.7422	-61.946808
22013.6719	-61.974064
22016.6016	-62.000141
22019.5312	-62.027504
22022.4609	-62.053226
22025.3906	-62.076614
22028.3203	-62.101959
22031.2500	-62.119694
22034.1797	-62.134151
22037.1094	-62.151337
22040.0391	-62.168278
22042.9688	-62.185513
22045.8984	-62.199982
22048.8281	-62.215466
22051.7578	-62.236126
22054.6875	-62.256344
22057.6172	-62.271873
22060.5469	-62.284542
22063.4766	-62.297840
